100174
100189
10054
100598
101033
101256
101306
101355
101383
101415
101637
101780
101839
101890
10190
101933
102128
102197
102375
102395
102452
102535
102591
10273
102820
102958
103155
103177
103388
103441
10346
103471
10349
103511
103550
103649
10378
103820
103868
103889
103922
103929
10396
103992
104300
104523
104618
104713
104728
10475
104833
104871
104943
105150
105296
105495
105516
105622
105705
105857
105934
106185
106226
106274
106331
106387
10653
106536
106591
106725
106754
107055
107098
107179
107216
107447
107715
107894
108028
108080
108120
108156
108197
108348
108432
108472
108516
108520
108640
108763
108904
109150
109194
109384
10950
109522
109711
109828
109892
110012
110208
110309
110316
110388
110443
110578
110612
110616
110645
110775
110796
11105
111273
111296
111348
111390
111501
111543
111583
111867
112009
112065
112234
112255
112271
112604
112885
112942
112946
112974
113036
113164
113241
113277
113373
113406
113661
113819
113821
113902
114021
114050
114143
114375
114420
114449
114580
114627
114643
114771
114973
115069
115078
115136
115181
115181
115354
11543
115650
1157
115914
115923
115948
116019
116152
116156
116245
116273
116297
116324
116324
116332
116333
116732
117043
117062
117065
117081
117149
117175
11749
117529
117586
117604
117635
117691
117693
117707
117840
118080
1182
118232
118471
118550
11858
118653
118747
118817
118969
119101
119114
119173
11920
119200
119230
119397
119406
119424
119479
119601
119609
119627
119660
119682
119699
11986
1200
120065
120184
120239
120436
120500
120908
12092
120935
120956
121017
121019
12116
121223
121259
121353
121486
121717
121758
12182
121929
121938
12208
122147
122325
122405
122569
122701
122740
122817
12321
123392
123589
123599
123604
123605
123877
12394
124113
124168
124240
124328
124426
124428
124708
124771
124858
12488
125083
125127
125144
125175
12522
125323
125463
125762
125854
126061
126078
126099
126245
1263
126371
126479
126598
126668
126708
126732
126779
126788
126852
126947
126994
127009
127104
127466
12749
127525
127547
127564
127582
127608
127667
127875
127941
127951
128068
128206
128222
128459
12847
12847
12875
128774
128921
128932
129019
129193
129211
129419
129468
129581
129642
129747
129918
130089
130212
130277
130293
130452
130563
130751
130880
131063
131071
131165
131337
131367
131541
131817
131976
132005
132077
132266
132408
132430
132596
132598
132750
133015
133059
133176
133213
13340
133584
133679
133687
133767
133821
13425
134265
134346
134420
134561
134737
134746
134765
135129
135153
135249
135311
13541
135564
13560
135744
135901
136094
136219
136307
136323
136363
136417
136427
136477
136493
136622
136686
136730
136754
136755
136860
136881
136992
137004
137039
137086
137337
137352
137399
137412
137568
137661
137832
138037
138062
138074
138237
138315
138655
138693
138734
13892
1390
139205
139279
139300
139416
139497
139524
139559
139580
139651
139706
139817
139819
139836
139848
13991
139974
139985
140074
140158
140164
140376
140377
140378
140651
140834
140905
140939
141309
141401
14150
14155
141652
142260
142502
142516
14258
142704
142795
142905
142966
143041
143058
143093
143230
143320
143418
143497
1435
143567
143811
144155
144290
144316
144340
144377
144573
144576
145066
145126
145271
145282
145316
145438
145521
145733
145736
145749
145890
146269
14634
146403
146590
146621
146747
146886
14691
147004
147041
147047
147183
147264
147286
147335
147377
147653
147796
147849
147903
148269
148314
148397
148652
14880
149024
149161
149403
149436
149445
149468
149518
149562
1496
149675
149862
150081
150093
150149
150207
150393
15044
150556
15065
150769
150929
150960
151099
151114
151269
151307
151382
151502
151521
151578
151582
151684
151785
151819
151974
152167
152196
152203
152266
152300
152337
152349
152360
152373
152504
152551
152626
152643
152866
152920
152969
153031
153162
153327
153518
153525
153843
153870
153958
153975
154002
154064
154086
154097
154105
154107
154130
154147
154182
154187
154272
154285
154297
154673
15470
155072
155250
155423
155636
15591
156103
156255
156368
156482
156506
156552
156610
156617
156674
156726
156809
156971
156975
156990
157011
157132
157155
157172
157484
157539
157564
15786
157881
158010
158069
158096
158126
158222
158480
158610
158631
15886
158866
158899
158929
158931
158948
158961
159033
159044
159140
15928
159294
159333
159336
159337
159460
159540
159854
160035
160116
160124
160176
160252
160257
160287
160327
160562
160586
160592
160622
160689
160836
160867
160918
160944
160983
161115
161248
16129
161329
161358
16137
161436
161540
161583
161674
161696
161785
161821
161878
161998
162006
162430
162460
162507
162723
162739
162816
162923
163210
163230
163269
163527
163626
163669
163670
163672
163731
163960
164070
164090
164149
164164
164550
164726
164736
164754
164825
16492
165215
165230
16525
165370
165381
165595
166003
166103
166299
166500
166522
166654
166804
166836
166857
166918
167079
167095
167118
167148
167280
167393
167550
16759
16762
167651
167704
167842
168099
168130
168164
168208
168226
168253
168320
168410
168518
168565
168650
168739
168876
168888
168918
168967
169208
169441
169658
169860
169942
170046
170101
170196
170208
170216
170320
170341
17048
170527
170559
170726
170826
170896
170934
171107
171399
171423
171443
171450
171464
171465
171614
171717
171831
172032
172156
172302
172394
172420
172502
172535
172671
172785
172934
172951
173218
173220
173230
173308
17333
173366
173368
173659
173705
173760
173789
173793
173819
173915
173918
174001
174171
174301
174523
174526
174697
17472
174772
174897
175026
175028
175112
175140
175261
175502
175696
175772
175776
175813
175818
175892
175984
17604
176319
176324
176414
176586
176701
176717
176866
176920
176938
176940
177019
17706
177076
177217
177235
177278
177449
177559
177563
177568
177604
177655
177657
17771
177711
177815
177829
177837
177977
177979
177992
178018
178039
178141
178213
178255
178326
178327
17835
178473
178515
17855
178687
178688
178737
178757
178926
179181
179538
179557
179679
179691
179808
179872
179898
180081
180124
180246
180357
1804
180439
180571
180603
180613
180669
180807
180824
180870
180967
180997
181007
181080
181119
181375
181478
181483
181603
181813
182320
182373
182394
18240
182452
182625
182730
18275
182843
182986
18301
183091
183309
18335
183604
183640
183687
183710
183724
183787
183982
184015
184155
184454
184511
184592
184724
184888
184897
185018
185135
185373
185388
185504
185535
185569
185588
185658
185664
185776
185921
185983
186166
186167
18617
186173
186211
186286
186297
186373
186392
186503
186575
186631
186683
186887
18702
187103
187231
187270
187382
187404
187437
187514
187612
187814
18785
18789
187955
188279
188303
188428
18851
188556
188753
188789
188820
189217
189292
189300
189327
189396
189412
189501
189612
189671
189709
189943
189957
190051
190348
190725
190746
190815
190938
190964
19107
191189
19128
191354
191471
191602
191641
191722
191779
19180
191820
19185
192061
192076
192327
192673
193021
193232
193332
193382
193390
193400
193500
193574
193724
193837
193888
194130
194264
194285
194293
194296
194310
194391
194524
19463
194943
195128
195134
195262
195381
195482
195626
195673
195775
196191
196257
196496
196671
19695
197053
197059
197071
197124
197200
197229
197270
197275
197298
197525
197602
197664
197673
197735
197792
197999
198067
198109
198310
198571
198792
198925
198982
19907
199079
199126
199313
199334
199338
19941
199447
199497
199508
199998
200013
200349
200439
200612
200875
201081
201097
201117
201127
201162
201204
201269
201329
20143
201528
2016
201669
201743
201754
201760
202022
202088
202199
202688
202844
202868
202947
203112
203158
203242
203336
203442
203551
203709
203736
203808
203872
203992
204149
204161
204237
204417
204453
204669
204803
204899
205011
205053
205114
205202
205550
205608
205620
205685
20569
205733
205941
206035
206045
206197
206250
206440
206606
206636
206696
206768
206802
206965
207090
207155
207282
207392
207502
207620
207769
207861
208016
208055
208176
208224
208362
208585
208604
208819
208991
209121
209165
209201
209263
209404
209415
209433
209465
209644
209695
209701
209745
209944
210443
210478
210651
210732
210740
210761
211065
211092
211295
211384
211522
211536
211637
211650
211720
211821
211892
212058
212107
212157
212247
21229
212329
212459
212480
212755
212756
212802
212814
21285
212891
212927
213038
213089
213097
213337
213354
213662
21389
21403
214083
214148
214170
214244
214368
214389
214457
214647
214879
214897
214945
215040
215114
215236
215497
215553
216109
216111
216156
216223
216238
216253
216299
216390
21640
216458
216480
216573
216617
216706
216745
216747
216850
21695
216955
216973
217089
217119
217271
217368
217470
217559
217576
217649
217778
217797
217882
217885
218120
218162
218264
218310
218324
218471
218480
218536
218537
218785
219083
219404
219520
219522
219628
219820
219930
220132
220154
220310
220375
220508
220581
220747
220823
220871
220896
220959
220979
221112
221199
221233
221383
221435
221630
221633
221794
221830
221895
221900
221911
221980
222013
222091
222096
222156
222266
222378
222391
222559
222627
222634
222746
223006
223188
223235
223292
223520
223679
223685
223722
223779
223854
223880
223966
224022
224311
224336
224473
224477
22453
224725
224831
225067
22513
225139
225216
225229
225238
225238
22526
225264
22546
22574
22575
225788
225922
226097
226204
226311
226326
226411
226454
226462
22647
22663
226809
226818
226820
226823
226970
227073
227087
227435
227444
227566
227614
2277
227728
228000
228048
228050
22806
228172
228174
228332
228478
228506
228628
228651
228983
229142
229167
229483
229489
22950
229549
22956
229635
229724
229832
229979
229980
229997
230017
230065
230076
230083
230154
230323
230368
230438
230462
23055
230567
230817
230849
230873
231012
231063
231166
231293
231334
231365
231377
231590
231699
231884
2319
231988
232170
232299
232328
232336
232358
232445
232460
232622
232638
232752
232895
233020
233022
233165
233263
23362
233713
233738
233818
233902
234098
234164
234333
234500
234679
234809
234845
234893
234919
235085
235089
235221
235297
235320
235326
235410
235431
235498
235613
235717
235737
235862
235960
235971
236147
236321
236425
236431
23644
236509
236548
236564
236593
236687
236760
236884
237020
237194
237390
237665
237725
237902
237924
237968
238049
238091
23810
23811
238532
238592
238920
239198
239413
239454
239662
23969
239732
239748
239801
239882
240149
240194
240292
240363
24069
240694
240737
240862
240884
241109
241177
241231
241331
241360
241388
241396
241701
241787
241836
241885
242072
242124
24223
24242
242464
242516
242583
242651
242904
242910
243077
2432
243234
24349
243535
243564
243590
243745
243778
243864
244002
244046
244080
244180
244209
244265
244292
244292
244359
244371
244372
244394
244415
24465
244753
244828
245108
245185
245361
245670
24568
245747
245860
245930
246185
246249
24626
24635
246369
246409
246427
246445
246457
246485
24654
246544
246616
246621
246723
247128
247160
247189
247200
247290
247549
247575
247688
247759
247784
2478
248157
248278
248320
248501
248568
24875
248755
248990
249093
249111
249178
249183
249272
249319
249319
2494
249506
249547
249696
250232
250301
250403
250429
250489
25058
250634
250665
250713
250790
250792
250814
250839
250928
250934
251128
251148
251205
251286
251529
251607
252008
252087
252211
252399
252423
252558
252649
252713
252814
252945
252980
25310
25317
253495
253530
253549
253832
25386
253890
253958
253961
254013
254108
254173
254215
254279
254333
254350
254392
254410
254426
254473
254642
254652
254666
254883
255048
255081
255123
255215
255216
255346
255389
255447
255459
25559
255629
25569
255952
256023
256105
256125
256294
256299
25657
256576
256733
256777
256983
257095
257128
257415
257435
25752
257675
257971
258048
25815
258256
258446
258448
258455
258463
25847
258473
258597
258673
258896
258970
259040
259260
259382
259464
259474
259615
2597
259709
259768
259800
259830
259902
259999
260171
260246
260259
260275
260279
260435
26054
260595
260622
260747
260779
26088
261208
261427
261446
261471
261537
261829
261880
261883
262021
262129
262274
262326
262341
262423
262442
262542
262554
262581
262665
262818
262819
263251
26343
263447
263451
263469
263542
263827
263927
263933
264235
264302
264332
26438
264456
264610
264781
264833
26487
264903
264934
264996
265001
265009
265038
265076
265122
265168
265418
265611
265643
265704
26582
265853
266180
266506
266654
266714
266790
266885
267005
26707
267270
267286
267362
26759
267803
26808
268080
268222
268297
268451
269134
269263
269350
269387
26944
269584
269710
269789
269919
26992
269957
27001
27019
270228
270242
270421
27051
270671
270694
27071
270794
27084
271000
271018
271179
27132
271336
271478
271604
271655
271727
271729
271768
272047
27231
27245
272570
272789
272918
272982
273308
273332
273349
27337
273408
273408
273428
273475
273628
273699
273819
273940
273954
273969
273989
273996
274036
274052
274072
274158
274281
274286
274416
274498
274687
274689
27502
275150
275172
275195
275375
275407
275448
275582
275587
275634
275718
275831
27587
276183
27622
276345
276374
276423
276491
276500
277025
277085
277344
277794
277837
277990
278013
278140
27823
278275
278362
278673
278760
278790
279048
27906
279084
279129
279265
279365
279415
279558
279667
279685
279747
279774
279873
279952
279970
280013
280222
280236
280287
280372
280393
280458
280535
280560
280817
28089
280894
281175
281329
281354
2814
28140
281410
281465
281477
281586
281955
282074
282083
282258
282340
282545
282599
282624
28277
282801
282855
282860
282961
283
283056
283136
283207
283276
283329
283375
283500
283516
283642
283790
283970
28398
284015
284026
284028
28410
284172
284300
284353
284397
284401
28447
284509
284532
284671
284699
284719
284763
284826
284843
284873
284974
285010
285093
285095
285133
285285
285312
285555
285572
285580
285734
285810
286069
286081
28644
286481
286492
286492
286542
286748
286817
28698
286994
287062
287116
28717
287225
287271
287321
287420
287440
287494
287573
287675
287898
287977
287988
288043
288071
288302
288391
288398
288420
288510
288575
288647
288650
288694
288837
289019
289062
289155
289191
289193
289329
289355
289416
289442
289502
289676
289717
28974
290103
290124
290171
290285
290289
290302
290308
290368
290462
290464
290481
290512
290534
290628
290716
290757
290789
29089
290894
291040
291188
2912
291273
291355
291417
291417
291485
291768
291837
291928
291935
292030
292104
292163
292247
292501
292562
292589
292662
292876
292962
293191
293195
293272
293423
293432
29358
293617
293652
293866
294008
294105
29413
294386
294406
29448
294672
294697
294922
295103
295360
295690
295711
295735
295741
29579
296226
296260
29643
296496
296555
296663
297038
297084
297361
297471
297546
297635
297662
29774
297764
297846
297861
297985
29799
29823
298422
298459
298621
298680
29876
298829
298873
298996
299014
299031
299094
299166
299199
299336
299427
299470
299470
299540
299587
299948
299967
300015
300041
300067
300127
3002
300253
30055
300874
300891
300940
30102
301339
301482
301704
301781
301915
301915
301987
302171
302230
302248
302416
302578
302599
302632
302696
302696
302765
302783
302792
303118
303366
303380
303409
303450
30352
303735
303855
303952
303976
303986
304110
304363
304363
304378
304493
304542
304546
304587
304650
304874
305255
305310
305370
305371
30547
305614
305649
305775
305797
305912
306036
306171
306269
306310
306331
306456
30648
30650
306517
306571
306776
306813
306895
307065
307125
307148
307395
307577
307691
307746
30785
308028
308059
308156
308222
308246
30842
308614
308736
30879
308908
308981
308995
309013
30910
309143
309250
309279
309393
309413
309464
30952
309531
309749
309794
310021
310174
310176
310190
310226
310318
310890
310928
31095
310970
310972
311421
311428
311443
311444
311485
311496
311586
311642
311783
311884
311909
31194
312138
312349
312350
312549
312556
31257
312589
312733
312768
312854
312860
31300
31326
313485
313511
313572
313629
313655
31366
31371
313831
313856
313858
313891
313909
314004
31408
314147
314151
314156
314258
314269
314290
314337
314416
314657
314683
314700
314754
314767
314776
314918
314956
315291
31535
315387
315413
315416
315534
31556
315650
315679
315876
315949
316400
316414
316517
316695
316707
316717
316960
317023
317100
317176
31721
317329
317499
317730
317744
317815
317836
318084
31811
318319
318633
318634
318735
318945
318951
318955
318967
319119
319144
319160
319210
319217
319460
319687
319690
31976
319777
31978
319868
320013
320378
32047
320472
320494
320541
320621
320636
320640
320829
320870
32130
3214
321427
321667
321701
322066
322391
32241
322687
322830
322852
322893
322987
323031
323042
32305
323051
323074
323127
323184
323421
32346
323665
323675
323729
323736
323751
323777
323838
323937
323956
323982
324070
324328
324677
32468
324775
324930
325091
325183
325321
325416
325453
325553
325699
325769
325872
32601
326036
326125
32613
32616
326310
326679
326692
326852
326975
327319
327395
327444
327590
32772
327842
327960
327968
328222
328370
328683
328724
328770
328875
329158
329343
329345
329559
329699
329852
329877
329885
330214
330278
330354
330495
330873
330888
330920
331064
331321
331563
3317
331705
331713
331730
331750
331807
332053
332283
332429
332472
332629
332735
33286
332973
332990
333090
333212
333315
333335
333419
33348
333485
333639
333703
333711
333754
333806
333824
333831
333866
334024
334099
334154
334174
334205
334425
334467
334564
334619
334630
334756
334861
334877
334890
334912
334965
33509
335127
335280
33529
33542
335494
335566
335712
335769
336248
336310
336406
336523
336697
336847
336858
33693
336947
337009
337192
337594
337641
337643
337653
337688
337721
33781
33784
337981
338024
33804
338083
338116
338128
338167
338256
338369
338420
33856
338567
33857
338711
338951
339136
33937
339380
339628
339651
339869
339886
3400
340066
34012
340213
340239
340251
3403
340625
340639
340657
340672
340741
340938
340940
340993
341007
341411
341430
341487
341548
341576
34166
341683
341710
341856
342116
342157
342316
34233
342359
342542
342629
342703
342725
3429
342905
343110
343139
343345
343399
343427
343448
343475
343551
343690
343817
343945
343994
344033
344105
344154
344168
344368
344498
344540
344552
344567
344768
344772
344880
345057
345120
345285
345382
345413
345659
34567
345813
345837
345911
345914
346020
346035
346080
346101
346148
346157
3462
346273
346412
346667
346705
346860
34695
346977
347064
347085
347100
34723
347231
347383
347388
347440
347758
347761
347798
348237
348244
348244
348303
348492
348552
348569
348630
348855
348880
34894
348986
349227
349289
349344
349358
349402
349713
349729
349752
349940
349982
349998
35029
3503
350350
350369
350379
350511
350700
350930
35105
351078
351131
351267
351702
351738
351749
35181
351849
351884
351893
352157
352189
352353
352410
352540
352545
352685
352956
353087
353119
353228
353332
35363
353960
353961
35401
354059
354203
35426
354270
354543
354732
354789
354856
354885
35492
355097
355326
355337
355559
355561
355562
355641
355676
355730
355754
355759
355859
356125
35620
3563
356608
356883
356959
356966
357147
357157
357323
357372
357767
357823
357864
357989
358460
358521
35855
358599
358609
358616
358748
358921
358936
359114
359116
359213
35945
359523
359643
35967
359807
359930
360044
36013
36021
360217
360222
360440
360537
360563
360618
360706
360716
360775
360876
360920
360934
361213
361255
361517
361549
361579
361611
361661
361748
361749
36187
361884
361930
361958
362016
36207
362192
362235
362276
362288
362450
36247
362609
362878
363002
363032
363034
363076
3631
363270
363279
363345
363476
363522
363622
363627
363704
363708
363715
363821
363902
363905
363945
364073
3642
364233
364255
364374
364461
364532
364552
364552
3646
364608
364906
365002
365073
365103
36511
365122
365221
365319
365371
365374
365411
36542
365527
365552
365569
365845
365897
365980
366058
366099
366268
366295
366356
366506
366547
366567
366585
366595
366698
366753
366843
366872
36701
367223
367327
367395
367519
367534
367623
367639
367650
367747
367817
367825
367873
367912
368011
368059
368297
36836
368437
368462
368576
368605
368901
368942
368948
368994
36907
36912
369237
369317
369589
36969
369877
369958
369972
370140
370189
370421
370426
370445
370475
370488
370896
370916
370933
371062
371068
371102
371269
371528
371551
371552
371588
371712
371753
371816
3720
372096
372218
372255
37244
372595
372738
372876
372941
372959
373232
373237
373257
373408
37350
373551
373726
373726
373753
373836
373878
373916
374135
374308
374349
3745
374517
374907
375068
37522
375348
375383
375433
375512
375610
375629
375649
375801
375810
375817
375935
375944
37596
376014
376514
376542
376634
377072
377152
37718
377209
377278
377359
377363
377388
377553
377555
377565
377633
377884
378208
378358
378387
378503
378539
378609
378627
378651
378837
378929
37896
37906
379198
379236
379248
379409
37951
379855
380050
380147
380175
380307
380343
380390
380650
380685
380706
380741
381007
38123
381595
381611
381643
381774
382003
382159
382334
382373
382545
382602
382805
382831
38290
383032
383177
383190
383440
383549
383554
383567
383643
383871
383882
383889
383952
384184
384271
384287
384324
384583
384674
384825
384891
384902
385054
385234
385262
385372
385502
385511
385706
385930
385938
386103
386403
386482
386716
386785
386809
386894
386909
386960
387031
387113
387143
387298
387368
387413
387530
387832
388073
388311
388383
388479
388571
38861
388693
388895
388904
388993
389070
389216
389253
389261
389346
389477
389519
389674
389715
390123
390185
390189
390331
390623
390659
390673
390734
390782
391009
391166
391373
391403
391438
391590
391666
392012
392125
392162
39218
392299
392360
392423
39246
392647
392944
392954
392956
393091
393262
393311
393721
393790
3941
394163
394393
394498
394658
394679
394750
394765
394783
394812
394889
394892
395239
395285
3953
395334
39547
395733
395818
395922
396142
396184
396268
396577
39659
396610
396770
396868
396933
396974
397040
39706
397162
397187
39734
397515
397570
397614
397623
39763
397761
397838
397962
398026
398100
398312
398330
39848
398486
398559
398650
398722
398785
398827
398988
399053
399081
399126
39913
399134
399153
399192
399197
399318
39933
399330
399394
399639
399771
400124
400165
40022
400239
400468
400581
400718
400732
400739
400754
400805
400904
400981
401183
401199
401442
401483
401526
401610
401640
401782
401949
401951
40201
402112
40236
4024
402532
402597
40262
402793
402816
402907
403029
403187
403471
403599
403791
403938
404096
404130
404177
404178
404305
404383
404386
404433
404477
404483
404586
404639
404730
404805
404810
404865
404870
405001
405057
405106
405127
405233
405249
405543
405619
405677
405738
405828
405994
406062
406119
406260
406291
406453
406524
40671
406744
407055
407260
407402
407428
407434
407476
407633
407693
407730
407837
40787
407930
407944
408099
408179
408221
40825
408288
408439
408545
408631
408735
408759
408876
408880
408881
40899
409093
409151
409336
409426
409632
409690
409701
409913
409921
410013
410100
410159
410163
410207
410214
410283
410377
410405
410470
410526
410544
410696
411035
411061
411195
411208
411447
411513
411666
411899
412042
4121
412287
412334
412440
412441
412476
412514
41261
412672
413020
413206
413539
413582
413634
413682
413985
414122
414174
41421
414229
414363
414435
414545
414770
414851
414943
415023
415062
415137
415262
415283
4153
415347
415398
415438
415524
415640
415651
415659
415749
415753
415938
415951
415955
41627
416298
416310
41643
416489
416556
416664
416687
416755
416840
416875
417058
417081
417157
417340
417451
417455
417730
417822
417867
417984
418113
418138
418214
41828
418354
418536
418543
418558
418570
418595
418621
41893
418944
418960
419198
419365
419388
419487
419531
41956
41978
419841
420032
420133
420195
4203
420364
420440
420572
420582
420595
420752
420971
421028
421030
421037
421132
421163
421174
421382
421384
421408
421528
421530
421586
421624
421728
42192
422028
422097
422099
422112
422135
422296
422363
42243
422626
422684
422746
422784
422798
423048
423115
423469
423818
423937
424031
424038
424072
424137
42418
424267
424365
424471
424771
424775
424811
424950
425037
42504
425043
425064
425066
425159
425463
425494
425585
425624
425633
425822
425871
425899
425899
425902
425932
425981
426200
426225
426274
426288
426331
4265
426643
426651
426683
426743
426824
426871
42693
426980
426998
427048
427087
427173
427185
427228
427270
427307
427658
427727
427780
427845
427870
427877
427888
428158
428170
428361
428373
428377
428605
428619
428789
42879
428790
428806
428847
428905
429178
429267
429388
429417
42949
429522
42953
429667
429803
429847
429970
429977
430084
43012
430303
430305
430417
430700
431018
431100
431288
431457
43146
431569
431592
431676
431694
431782
431801
431836
431872
431887
431926
432016
432271
432327
432363
432463
432483
432570
432597
432665
432723
432885
433016
433044
433114
433114
433154
433188
433229
433566
43366
433665
433767
43394
434077
434250
434258
434311
434582
434726
434752
43480
434853
435015
435081
435177
435233
435258
435496
435683
435737
435741
435845
435850
435889
436061
436144
436183
436220
436225
43623
43632
436328
436426
436427
436436
436603
436616
436643
436701
436797
437013
437069
437187
43720
437458
437476
437505
437590
437636
437673
437686
437703
437726
437891
437926
438024
438171
438191
438195
438390
438458
438465
43860
4387
438731
438793
438840
4389
438918
439275
439277
439427
439522
439694
439827
439926
439978
439998
440077
440193
44027
44036
440656
440693
4407
440719
44079
440900
4410
441159
441274
441427
441466
441477
44152
441567
44182
441971
442027
442181
442296
442400
442438
442505
442509
442571
442734
442832
442839
442844
443147
443247
443309
443389
443657
443735
443743
443765
443903
443921
44400
44400
444022
444045
444124
444166
444244
444318
444381
444442
444665
444668
444733
444778
444946
444957
444965
44506
445063
445183
445228
445253
44527
445290
445316
445321
445364
445477
445485
445503
445628
445647
445708
445742
445834
445857
44595
445963
445994
44603
446089
44612
44613
446268
44630
446379
446398
446419
446438
446548
446704
446883
446917
446968
446990
447076
447165
44735
447405
447635
447664
447678
447973
447977
448170
448326
448444
448448
448462
448535
448563
448595
448648
448684
448707
448788
448922
448922
449123
449191
449274
449283
449386
449455
449632
449635
449737
449744
449759
449901
449932
449939
450009
450049
450133
450192
450354
450678
450744
450763
45079
450850
450854
450940
450955
450991
451008
451053
451097
451185
451188
451245
451265
451503
451683
451785
451910
451950
452007
452073
452115
452201
452359
452417
452628
452668
452864
45295
453108
453313
453326
453498
453583
453662
453692
453722
453727
453752
453838
453878
453898
453949
453970
454053
454232
454283
454406
454517
454567
454636
454684
454696
454756
454855
45486
4549
454909
454955
454988
455193
455230
455719
455811
455832
45586
455884
455899
455969
456002
456074
45609
456341
456374
456441
456617
456727
456927
457092
45712
457355
457377
457407
457572
457582
457643
457671
457849
457955
458080
458154
458178
458398
458716
458772
458793
458850
458885
458963
458980
459182
459222
459247
459282
459372
459419
459421
459570
459588
459974
460055
460125
460126
460145
460200
460229
460328
460373
460418
460426
460626
460708
460787
460903
461071
461091
461147
461149
461332
461351
461415
461484
461745
461812
461835
46189
462033
462297
462473
462860
46296
462982
463097
463220
463534
463547
463856
463923
464022
46408
464408
464596
464658
464701
46481
464826
464956
464971
465083
465109
465236
465291
465324
465531
465552
465743
465760
465832
465931
465956
466060
466060
466240
466325
466390
46643
466483
466510
466511
466854
467087
467348
467349
467421
467519
467533
467835
467929
467956
467998
46802
468326
468418
468486
468511
46858
468728
468909
468918
46897
469
46900
469233
469549
469695
469749
46986
469880
469885
470016
470025
470055
470174
470292
470390
470400
470603
470625
470688
471147
471330
471518
471590
471758
471905
471964
472087
472126
472185
472263
472290
472346
472467
472521
472619
472658
472751
47285
47289
473154
473189
473294
473340
473355
47362
47367
473706
473746
473762
47379
473921
47405
474158
474175
474195
474209
474227
474274
474334
47434
474422
474500
474779
474829
474924
47493
47508
4751
475232
475235
47528
475427
47555
475652
475993
476129
476146
476164
476193
476295
476351
476443
476461
476542
476563
47681
476867
476884
476897
477106
477206
477206
477511
47752
477547
477656
47778
477882
47811
478142
478590
478790
479267
479304
479315
479327
479428
47949
479510
479520
479619
479783
480076
480165
480268
480397
480566
480660
480796
480836
480840
480904
480962
481002
481050
481277
481356
481566
481587
481630
481767
481949
482085
482122
482183
482347
482476
482483
482516
482638
482690
482911
483230
483422
483448
483553
48364
483649
483663
483714
4838
483964
483998
484006
484130
484198
484226
484419
484552
48462
484801
484805
484816
484928
485137
48514
485420
485457
485503
485653
485662
485774
485806
485876
485903
485934
485947
486001
486060
48614
486148
486211
486248
486269
486275
486507
486674
486888
486938
487023
487038
487152
487268
487397
487406
487499
487829
487837
48785
48789
487953
487989
488033
488230
488240
48864
48877
488838
488871
488892
488958
489324
489583
48959
489673
489920
489920
490055
490176
49027
490307
490562
49065
490700
490718
49083
491095
491155
491209
491226
491343
491406
491409
491628
491750
491954
492195
492200
492207
492213
492278
492331
492333
492482
492577
492812
493003
493062
49308
49319
493226
493242
493327
493452
49349
493631
493717
493823
493884
493977
494308
49435
494491
4945
494558
494599
494775
494802
494832
494883
494909
495163
495197
495538
495539
495579
49562
49567
495914
496063
496206
496392
496392
496559
496614
496771
496782
49685
49695
496950
496958
497000
497316
497384
497426
497446
497454
497662
497706
497774
497790
498059
498164
498193
498308
498346
498494
498532
498738
498803
498887
498906
498927
498974
499091
49918
499231
499390
499475
499480
499546
499551
49969
499809
499847
500020
500066
500115
500293
500351
5004
500593
50067
500769
500885
501038
501195
501222
501320
501460
501503
501518
501647
501762
501869
501874
501927
501947
5020
502159
502189
5022
502227
502269
502633
502941
503247
503247
50331
50339
50341
503510
503524
503773
503871
503891
504058
504114
50422
504284
50451
504536
504805
504871
505057
50519
505275
505435
50545
505459
50558
505606
505667
505763
506053
506054
506077
506130
506149
506200
506339
506379
506404
506411
506608
506692
506755
506793
506824
506930
507259
507266
507334
507439
507484
507518
507536
507624
507634
507650
507668
507692
507776
50780
508101
508143
508161
508361
508410
508478
508732
50879
508839
508884
508993
509028
509101
509102
509189
50921
509324
509372
509432
509491
509552
50961
509663
509794
509886
50990
509974
510073
510273
510335
51034
510446
510509
510515
511000
511116
511250
511411
511489
511501
51170
511711
511816
511893
512033
512056
512199
512243
512255
512293
512339
512356
512375
512376
512379
512446
51245
512581
512602
512713
512742
512780
512801
512809
51282
512903
51293
512942
512976
512995
512996
513061
513099
5131
513555
513706
51373
513946
513956
51422
514431
514594
514615
514631
514640
514698
514800
515095
515127
515426
515442
515468
51548
515501
515557
515671
515692
515742
515748
515823
51585
516006
516074
516076
516160
516304
516317
516317
516344
516347
516356
516426
516620
516635
516658
516733
516756
516882
516912
516987
517005
517071
517079
517174
517221
517306
517352
517564
517564
517662
517835
51794
518180
518213
518332
518717
518786
518877
518911
518974
519050
519108
519133
519139
51917
519247
519340
519436
519471
519482
519503
519784
51985
520008
520273
520291
520311
520455
520509
521050
521181
521248
521496
521571
521615
521626
521646
521688
521694
521869
521917
521931
521952
521966
522040
522052
522154
52228
522401
522543
522679
522694
522977
523034
523242
523259
523324
523375
523430
523472
523530
523559
523642
523655
523655
523792
523819
523917
523949
523959
524055
524094
524160
524242
524303
52443
524468
524575
52487
524916
524991
525020
525038
525140
525244
525322
525401
52542
525462
525747
52578
525803
525880
525894
52597
525976
526008
526129
526277
526288
526293
52639
526445
526577
526774
526988
527041
527056
527118
527209
527496
52761
527703
527836
527837
527843
527884
527949
527989
528025
528065
528143
528180
528195
528246
528255
528309
528658
528664
528696
528818
529000
529132
529152
529162
529187
529278
529458
529465
529500
52961
529708
529770
529833
529849
530189
530217
530252
530436
53044
53045
530528
530682
530801
53085
530942
530964
530976
530991
531000
531096
531153
531157
531252
531304
531324
531341
531533
5318
531807
531808
531989
532018
532103
532132
532190
532505
532507
532510
532589
532618
532650
532668
533131
533180
533189
53350
533617
533622
533916
533961
534185
534224
534249
534288
534635
534729
534885
534984
534986
535088
53564
535649
535754
535933
535952
536006
536014
536106
536177
536240
53632
53634
536535
536616
536716
536828
536856
536949
537091
537167
537256
537295
537365
537524
537554
5376
537798
537813
537825
537853
537973
538026
538040
538070
538159
538340
538391
538400
5385
538676
538694
53899
539022
53914
53929
539346
539407
539416
539504
539552
539646
539726
539855
539897
539906
539937
540009
5401
54015
540182
540232
540233
540253
540415
540460
540528
540535
540601
540635
540648
540700
540704
540746
540762
540818
540842
540999
541352
541540
541542
54155
541626
541742
541846
541906
542040
542105
54212
542352
542366
542456
542474
542476
542560
542744
542841
543002
543042
543075
543096
543100
543127
543147
543159
543266
543449
543716
543767
543767
543858
544008
544073
544183
544228
544271
544273
544392
544433
544614
54469
544810
545038
54515
545267
545307
54538
545483
545606
545642
545643
545670
54572
545721
545847
54587
546000
546065
54612
546167
54630
546450
546467
546912
547059
54729
547379
547496
547531
547534
547545
547567
547845
54795
548019
548031
548106
548219
548335
548352
548363
548405
548440
548605
548820
54884
548943
549033
54905
549058
549078
549251
549255
549376
549528
549658
549681
549721
549743
549804
549838
549840
54985
549948
549957
550071
550125
55016
550221
550430
550619
550977
551218
551538
551696
551824
551839
552076
552137
552190
552276
552302
55231
552416
552496
552590
552614
55265
552796
552933
552957
552988
553374
553436
553485
553504
553569
553608
553642
553665
553737
553758
553813
553873
553873
553944
554081
554150
554356
554366
554411
554491
554513
554542
55481
554910
554911
555052
555108
555153
555180
555325
55537
555373
555481
555601
555648
555804
555981
55622
5565
556767
556827
556829
557051
557185
557293
557364
557391
557415
557493
557527
557539
557572
557574
557953
557970
558232
558323
558436
55856
558727
558923
55900
559095
559097
559303
559320
55937
559409
559447
559466
559531
559554
559574
559614
559697
559788
559847
559863
559981
560021
560084
560139
560455
560483
560609
560636
560670
560715
560805
561058
56106
561220
561427
561572
561572
561679
561703
561708
561841
561876
5619
561958
562161
562189
562379
562650
562695
562964
563012
563108
563299
563411
563549
563693
564139
564186
564306
564526
564528
564538
564589
564620
564708
564867
56487
564945
564984
565096
565102
565144
565278
565320
565480
565601
565703
565708
565719
565735
565828
56589
565987
5660
566050
566175
566406
56653
566532
566718
566790
566932
567126
567138
567412
567466
567473
567561
567584
567645
567662
567708
567721
56789
567931
568012
568091
568201
568215
568488
568555
568608
568734
568747
568873
568904
569008
569073
569099
5691
569195
569207
569363
569543
569592
569736
569755
569820
569900
569957
570067
570137
570233
570423
570587
57069
570703
57079
570801
571021
571026
571031
571066
571103
571186
5712
57138
571405
571662
571696
571955
572118
572402
572431
57257
572618
572664
572833
572927
572934
573009
573044
573083
57312
573158
573248
573336
573561
573734
573783
573846
574033
574118
574199
574364
574378
574409
574427
574510
57460
574699
574905
575312
575419
575597
57562
575728
575810
575822
575960
575970
575975
576184
576203
576269
576367
57642
576490
576528
57668
576690
576721
576723
576785
576908
577090
577137
577175
577251
577379
577512
577575
577601
577687
577709
577717
577800
577877
577890
577898
577931
577987
578088
578331
578371
578408
578422
578611
57867
578839
578854
578889
579155
579176
57918
579199
5792
579547
579549
579632
579729
579762
579827
579833
579835
579837
579986
580062
580076
580083
580193
580234
58025
580273
580455
580481
580516
580540
58062
580637
580826
580907
580908
58093
581020
581222
58123
581259
581274
581294
581370
581394
581580
581581
581807
581900
581905
5820
582028
582139
582294
582356
58248
582632
582662
582698
582736
582844
582903
583022
58306
583105
583195
583246
583433
583440
583560
583822
583841
583869
583899
584150
584326
584328
584392
584399
584649
584871
585049
585073
585269
585421
585515
585615
585626
585638
585730
585740
585798
58588
586046
586102
586115
586205
586225
586290
586397
586441
586540
58656
586622
586631
587092
587142
587291
587302
587545
587665
587671
58771
587872
587873
588085
588200
588289
588362
588387
588431
588471
588766
588787
588945
589025
58922
58937
589432
589716
589736
589863
589988
59007
590172
590213
590242
590419
59046
590462
590598
590662
590677
590912
590939
590946
590951
591157
591324
591367
591482
591511
591838
591846
591920
59203
592030
592072
592096
592108
592177
592285
592471
592705
592719
592744
592782
592890
592933
593030
593037
593174
593315
593454
593548
593711
593777
593919
5940
594109
594175
594234
594278
594297
594342
594465
594574
594697
594716
594736
594878
594880
594892
595076
595118
595273
595459
595607
595632
595643
595682
595730
595768
595772
59585
596245
596264
596319
59652
596603
596717
596795
596799
596804
596991
597210
597357
597391
597475
597672
597732
597746
597983
598025
598032
598081
598408
598469
598480
598555
598586
598630
598816
598879
598958
599020
599088
599433
599462
599474
599591
599632
599841
599887
600042
600177
600212
600230
60029
600406
600430
600651
600748
600814
600839
600930
600960
601102
601117
601269
601329
601465
601566
601687
601952
602010
602029
602184
602229
602239
602286
602340
602520
60258
602666
602674
602698
602752
602798
602833
602884
603031
603116
603121
603126
603263
603268
603294
603438
603440
603465
60371
603754
603813
604154
604228
604305
604314
604430
604618
604646
604684
604716
60489
60491
605078
60513
605321
605358
605378
605953
605967
606018
606019
606022
60607
606072
606103
606248
606431
606508
606614
606616
606625
606645
606831
607004
607134
607157
607157
607256
607268
60732
607446
607474
607569
60768
607779
607805
607835
607928
607979
608218
608237
608287
608326
608337
608343
608354
608374
608542
608566
608571
608783
608869
608970
609116
609351
609489
609567
609599
609630
609744
609778
609842
609875
609924
610079
610094
610554
610690
610908
61106
611099
61110
611115
61130
611332
61141
611441
611648
611693
61175
611784
611785
611817
611897
611982
612028
612039
612116
612219
612345
612653
612741
612807
612828
612834
612941
612993
613
613070
613091
613128
613194
613310
613357
613543
613831
613853
61399
614053
614081
614304
614328
614364
614446
614568
614703
614712
615054
615392
615477
615732
615760
615913
615931
616021
616099
616268
616271
616288
616299
616368
616433
616605
616698
616703
616890
616931
616954
617000
617000
617073
61713
617186
617361
617572
617727
61773
617925
618009
618016
61819
618226
618386
618645
618704
618801
618805
618847
619023
61905
619187
619441
619490
619544
619575
619760
619836
619987
620166
620437
62044
620504
620616
620803
62094
620955
621145
621214
621220
62139
621966
622101
622120
622143
622161
622249
622262
622354
622413
622478
622572
622668
622672
622796
623022
623030
623049
623084
623087
623177
623363
62355
623596
62367
623694
623787
623843
623967
624313
624415
624456
624625
62470
624787
62508
625119
625158
625226
625389
625460
625480
62554
625544
625575
625597
625634
625730
625842
625986
62616
62628
626324
626389
626403
626426
626495
626497
626749
626763
627011
627059
627081
627534
627687
628016
628096
628193
628212
628506
628615
628723
628760
628853
628869
628899
628975
629075
629102
629104
629113
629164
629351
629490
629614
629652
629657
629707
629820
629848
629880
629913
629937
629985
630011
630220
630256
63034
630575
630579
630773
630791
631006
63101
631070
6311
631278
631298
631387
631399
631402
631516
631545
631598
631714
631760
63181
63184
631867
631907
631916
631932
632360
632379
632887
63305
633194
633256
633308
633429
633717
633899
634085
634311
634480
634650
634818
635168
635195
635368
635626
635638
635878
635978
63603
63607
636151
636171
63644
636477
636478
636500
636503
636679
636682
636696
636839
636850
637033
637050
637294
637505
637511
637547
637626
637692
637901
638286
638355
638425
638638
638650
638661
638683
638755
638859
638918
639039
639115
639193
63921
639343
639447
639494
639514
639858
639946
63997
639986
640123
640151
640227
640237
640424
640441
640456
640553
640646
640721
640732
640735
640805
640863
641006
641305
641323
641346
641530
641560
641614
641624
641780
641850
641879
641976
642007
642038
642167
642307
642437
642650
64277
642810
643097
643201
643324
643497
64380
643822
644004
644028
644074
64417
644234
644378
644428
64462
644673
64470
64479
644885
645037
645287
645304
645304
645473
645604
645645
64570
645700
645731
645794
645812
645848
645853
645895
645995
646041
646082
646225
646265
646417
646485
646516
646612
64664
646718
646753
646774
646887
647095
647213
647378
647428
647539
647549
647752
647763
647994
648037
648082
648098
648171
648289
648323
648379
648486
648578
648583
648608
648617
64868
648723
648910
649209
649458
649460
649478
649516
649630
649724
649760
649896
649911
650014
650069
650170
650215
65022
650230
650565
650810
650834
65086
650874
650930
65098
651075
651276
651284
651462
651489
651569
651602
651665
651728
651881
651922
651948
652212
652360
652689
652831
652842
652853
653196
653301
653304
65332
653364
653382
653722
653785
653874
653911
654010
654020
654077
654184
654445
654447
654578
65460
654636
654668
654763
654829
654940
65496
655010
655097
655327
655375
655572
655932
656045
656061
656081
656105
656110
65623
656299
656302
65631
656342
656360
656443
656502
656686
656828
656854
656896
65703
657173
657244
657557
657565
657589
657790
657896
657996
658003
65810
658100
658129
658179
658251
658421
658564
658565
65869
659008
659025
659062
659148
6592
659344
659398
659417
659542
659611
659654
659799
660016
660205
660219
660336
660367
660391
660408
660420
660546
660562
66069
6607
660708
660891
660927
661118
661159
661183
661193
661306
661548
66164
661956
661960
662068
662255
662342
662380
662495
662503
662591
662826
662841
663006
663075
663100
663106
663121
663237
663548
663727
663894
66414
664179
664410
664429
664523
664542
664553
664641
664682
6649
664921
664939
664974
665061
665149
665241
665271
665273
665359
665369
665443
665471
665496
665628
665649
665812
665851
665853
665856
665946
66623
66623
666251
666286
666290
66638
666388
666391
666403
666450
666515
666560
666769
666919
666967
667015
667017
667128
667536
667683
667694
66784
667946
6681
668100
668132
668426
668465
66851
668529
668976
669032
669182
66925
66930
66952
669640
66973
669854
669935
670025
670144
670516
670653
670655
670831
670857
670905
670973
671055
671085
671089
671114
671237
671257
67133
671350
6714
671476
671588
671663
671671
671882
671888
672006
672024
672033
672247
672250
672295
672306
672574
672590
672664
672670
672738
672764
672775
672820
672976
672983
672998
673081
673082
673089
673203
67323
673422
673554
673641
673649
673703
673717
673831
673886
673915
673941
673985
674015
674214
674274
674321
674415
674637
674971
675056
67517
675173
675338
675605
675671
675743
675779
675832
675833
675871
675936
675962
676027
676093
676195
676215
67622
676408
676421
676479
676637
676939
676972
677016
677302
677370
677374
67743
677437
677459
677712
67775
67778
677844
677985
678009
678023
678084
678126
678256
678470
678492
678524
678628
678692
679002
679026
679445
679764
679767
679855
679903
679990
680252
680265
680448
680515
680518
680662
680686
680801
680880
68091
681082
681147
681193
681392
681469
681496
681504
681550
681742
681782
681801
681841
682108
682158
682182
682275
682277
68229
682382
682426
682486
682486
682525
682567
682778
682900
682906
682952
682958
682996
683019
683037
683037
683093
683096
683268
683416
683434
683758
68390
683940
684039
684204
684234
684249
684260
684277
684307
684372
68448
684515
68455
684764
684856
684941
684960
6850
685028
685061
685109
685115
685139
68519
685227
685444
685446
685607
68590
685910
68620
686201
686296
686486
686552
686603
686730
686951
687374
687379
687396
687407
687466
687586
687792
687948
68799
688061
688225
688228
68824
688534
688579
688604
68870
688811
689252
689357
689364
689381
689540
689693
689727
689816
689942
690133
690167
690339
690411
690598
690636
690684
69080
690863
691103
69122
691263
691285
691596
691708
691753
69180
691857
691923
691934
69199
692029
692051
692116
692123
692363
692501
692519
69253
692531
692564
69266
692682
692712
692777
692856
692890
692898
692923
693031
693174
693201
693298
69344
693720
693946
694142
694245
694284
694509
69462
69465
694765
694774
694817
694827
695022
695112
695219
695221
695278
695309
695429
695801
695868
69600
696052
696290
696625
696693
696840
69694
697024
697079
697152
6974
697512
69753
697645
69766
69780
698118
698144
698170
698209
698221
698235
698287
698300
698388
698435
698587
698743
698870
69890
698919
699115
699200
699422
699599
699785
700018
700038
700058
700060
700145
700219
700306
700433
700553
700585
700714
700797
700827
700838
700850
700857
700935
701148
701159
701375
701430
70147
701479
701541
70156
701596
701630
701686
701791
702102
7024
702506
702515
702633
702840
702851
70290
70301
70304
703181
703241
703250
703446
703601
703647
703675
703854
703865
703875
703948
703988
7041
704137
704244
704481
704615
704751
704842
704861
704944
704960
704966
705064
705069
705104
705105
705314
705447
705555
705608
705664
705958
706029
706074
706113
706178
706187
706287
706312
706342
706463
706526
706714
706753
706825
706833
707015
707029
707031
707143
707161
707269
707486
707663
707666
707761
707867
70791
707913
707997
708062
708138
708181
708198
708310
708444
708475
708513
708527
708530
708978
709015
709103
709107
70911
709156
709240
709259
709355
709401
70953
709553
709738
709742
709764
709777
709970
710035
710166
710187
710220
710315
710434
710526
710624
710885
710926
711228
711273
711367
711514
711565
711594
711650
711703
711727
71188
712035
712244
712261
712329
712359
712405
712549
712656
712674
712891
71308
713081
713221
713425
713447
713459
713471
713516
713576
713644
713740
713746
713801
714085
71420
714232
714236
714436
714529
714747
714792
714861
714894
714902
714999
715029
715164
715331
715386
715389
715407
715666
715692
715782
715848
715868
715992
716051
716098
716198
716406
716423
716528
716609
716861
717002
717085
717141
717215
717242
717329
717342
717356
717382
717523
71772
717742
717770
717844
717849
717855
717865
717901
717995
718020
718162
718354
718386
71839
718423
718655
718784
718806
718861
718938
719022
719061
719190
719243
719277
71928
719570
719587
719589
719619
719713
719825
719857
719966
720117
720216
720613
720708
72075
720897
720906
720917
720956
721184
721219
721221
721253
721441
721707
721764
721832
721943
722090
722229
722277
722469
722489
722551
722799
722916
722961
723005
723122
723189
723199
723257
723408
723503
723507
723589
723620
723669
723685
723704
723711
723823
724121
724357
724417
724467
724468
724518
724650
724680
724886
724988
725043
725196
725319
72532
725575
7256
725668
725755
725883
725900
725905
725907
726043
726051
726240
726386
72652
726614
726677
72676
727045
727049
727057
727067
727234
727293
727335
727342
727412
727498
727500
727513
727583
727652
727655
727656
727848
727886
727914
72796
728371
728457
728512
728631
728669
728791
728953
729199
729235
729517
729533
729574
729590
729647
729709
729724
729825
730058
730112
73029
73030
730442
730621
730625
73071
730790
731030
731063
731133
731212
731241
731353
731592
731623
731669
731703
731738
731763
731778
731831
731862
731958
732020
732053
732083
732091
732283
732332
732409
732444
732509
73286
732886
732907
7330
733010
733118
733488
733557
733712
733855
733864
73401
734074
734127
734160
734324
734411
734508
734906
734921
735044
735282
73545
73552
735609
735681
735885
736019
736094
736107
736134
736188
736306
736311
736314
736507
736548
736674
73671
736815
736880
737015
737026
737139
737335
737566
737629
737761
737815
737848
737880
738306
738321
738362
738381
73886
738969
739079
739100
739164
739178
739191
739269
739341
739396
739491
739618
739699
739851
739957
740025
740156
740378
740737
740776
740785
740815
740824
740829
740854
740861
740903
741089
741165
741176
741400
741792
741910
741970
742118
742190
74226
742311
742317
742323
742384
742514
742635
742668
742736
742798
742948
743006
743072
743116
743428
743517
743764
743972
744014
744024
744297
744323
744397
744464
744629
744675
744754
744862
745054
745102
74524
745295
745469
74558
745582
745636
745786
74588
746061
746199
746323
746349
746356
746371
746403
746436
746550
746728
746927
746963
747030
747172
747314
747538
747567
747575
747670
747702
747834
748146
74819
748192
748246
748274
748402
748454
748635
748847
748869
748950
748955
749131
749166
749174
749281
749388
749575
749596
749607
749667
749691
749702
749757
749775
749914
749962
750065
750123
750124
750158
750291
750398
75075
750750
750780
750955
750983
750990
751082
751094
751181
751286
751347
751437
751438
751443
751514
751525
751526
751561
751577
751636
751684
751687
751690
751793
75202
752205
752273
752288
752289
752577
752581
752752
752771
752878
753009
753069
753241
753308
7534
753403
753420
753475
753693
754019
754140
754179
754180
754246
754259
754336
754358
754383
754433
754449
754457
754508
754564
754627
754702
754711
754872
754899
754944
755087
755119
755376
755594
755687
755689
75610
756103
75615
756180
756229
756239
756246
756257
756325
756327
756427
756447
7566
756607
756915
756995
757090
75716
757173
757181
757325
757339
757354
75738
757542
757549
757619
757671
757678
75777
758309
758381
758441
758529
758556
758560
758571
758583
758609
758623
758706
758728
75874
758740
758946
758993
759088
759093
759128
75942
759609
759736
759912
760159
760290
760412
760604
760678
760706
760712
760742
760808
760817
760829
76112
761311
76155
761580
761598
76174
761784
761840
761844
761946
761946
761980
762006
762180
762236
762353
762400
762400
762438
762521
762582
762790
762804
762806
762866
76299
763263
763499
763785
764066
764128
76416
764575
764583
764658
764748
764856
765078
765163
765215
76524
76533
765423
765469
765488
765489
765518
765541
765543
765601
765632
765638
765672
765780
765921
766380
766421
766720
766791
766934
767248
767262
76737
767375
767418
767797
767817
767920
767936
768068
76818
768187
768192
768256
768259
768407
768513
76859
768594
768614
768726
768746
768783
769149
769298
769311
769355
76947
769863
769916
769956
770068
770113
770131
770136
770434
770438
770460
770507
77057
770634
770644
770795
770805
770944
771015
771110
771117
771186
771191
771512
771613
771670
77199
772
77208
772126
772211
772669
772715
772925
773151
773228
773277
773329
773414
773498
773533
773578
773654
773674
773905
773909
773913
773971
774043
774260
774360
774366
774394
77450
774513
774561
774613
774660
774723
774755
774794
774847
774867
774967
775051
775110
775198
775232
775454
775502
775631
775734
775935
776050
776158
776289
776315
776397
776639
776642
776778
776859
776968
777005
77720
777266
777323
777430
777516
777702
777757
777812
778018
778098
778135
778178
77820
778202
778246
778462
778603
778651
778653
778827
778831
779035
779156
779202
779229
779246
779435
779586
77971
779729
779771
779830
779848
779915
779999
780176
780191
780191
780379
780391
780461
780587
780668
780716
780906
780922
781177
781243
78127
781331
781520
781570
781572
781784
781895
7819
781961
782048
782132
782228
782282
782341
782911
782934
782960
78299
783141
783162
783176
783371
783551
78358
783633
783903
784073
784101
784162
784187
784210
784224
784304
784312
784597
784690
784712
784884
784929
784971
785029
785204
785235
785272
785564
785630
785686
78576
785889
785984
786137
78625
786262
786446
786550
78662
786636
786719
786764
786840
787011
787045
787116
787229
787329
787360
787417
78745
787508
787526
787628
787642
78774
787760
787807
787941
788034
78808
788135
788157
788249
788309
788324
788385
788519
788732
788754
788872
788987
789000
789069
789321
789419
789435
789574
78959
789603
789610
789637
7897
789829
790026
79008
790136
790177
790201
790384
790414
790507
790513
790541
7907
790739
790754
790932
790977
791147
791203
791245
791393
791452
791536
791703
791734
791740
791812
791873
791927
792365
792451
792545
792689
792699
792780
792845
792907
793091
79314
793220
793226
79332
793497
793882
79391
79406
794070
794071
794092
794156
794345
794383
794471
794583
794725
794848
795044
795247
79535
795489
795558
795596
795786
795840
795885
795891
795963
79601
796044
796068
796200
796302
796304
796331
796841
796843
796975
797308
797310
797404
797466
797497
797500
797702
797765
797769
79798
798021
798124
79819
798266
798273
798321
798382
798404
798414
798417
798708
798728
798762
798822
799323
799364
799372
799418
79958
799641
800032
80026
800364
800443
800488
800515
800600
800763
800798
800905
800906
800942
801012
801053
80121
801300
80140
80140
801460
801515
801601
801643
801643
802133
802152
802208
802217
802375
802478
802507
802653
802698
802917
803047
803099
803188
803404
803478
803591
803797
803871
803909
80394
803989
804022
804131
804213
804241
804341
804433
804478
804722
804802
804872
804931
804973
804978
805218
805306
805372
805374
805524
805577
805601
80570
805780
805826
805937
805972
806177
806223
806487
806507
80653
806671
806741
806897
806928
806946
807037
807044
807092
807104
807193
80721
807236
80727
807304
807382
807389
807410
807412
807422
807482
807629
807830
807955
807976
807983
808050
80833
808692
808712
808714
808763
808845
808899
809
809038
809063
8091
809230
809364
809379
809425
809525
809657
809714
809819
809849
809880
809895
809983
810060
810121
810185
810206
810252
810420
810481
810520
810530
810585
810651
810727
810741
81091
810959
811434
811451
811687
811724
811778
811946
811976
812093
812113
812124
81260
812644
812813
812816
812872
812877
812897
813211
813215
813265
813319
813331
813418
813660
813664
813772
813791
813865
813867
813976
813980
814054
814127
814185
814251
814293
814351
814522
814619
814637
81465
814711
814726
814817
814900
814940
814980
815208
815642
815828
815946
816099
816140
816226
816313
816466
816621
816632
816672
816797
816864
816895
817255
81730
817463
817546
817664
817755
81776
817772
818033
818080
818159
818320
81837
818754
818837
818933
818967
819094
819234
819445
819509
819668
819705
819783
819823
820135
820215
820272
820298
820453
820454
820480
820594
820595
820835
82084
820860
820861
821130
821351
821406
821431
821706
821726
821807
821862
821912
821924
821958
822040
822212
822247
822429
822536
822615
82267
822757
82278
822839
823147
823311
823321
823407
823443
823477
82348
823542
823570
823594
823780
824043
824183
824419
824443
824509
824673
824724
824793
824887
824911
825121
825130
825262
825285
825419
825492
825684
825747
826
826030
826165
826215
826224
826320
826357
826421
826506
826572
826629
826649
826781
827252
827379
827380
827565
827665
827742
827882
827974
828086
828118
82815
828151
828227
82826
828399
828415
828487
828742
828818
828961
829065
829111
829154
82924
829283
82929
829381
829471
829627
829726
82973
829920
830108
830167
830289
830326
830692
831041
83112
831342
83137
831373
831659
831699
831725
831830
831850
832010
832037
832136
83216
832253
83227
832297
832383
832516
832521
832576
83274
832830
832870
833014
833044
833073
83309
833205
833206
8333
83330
83331
833339
833528
833630
833736
833814
833851
833898
83399
834116
834263
834318
834444
83451
834570
834593
834695
834706
834817
834859
83530
835352
835424
835848
835912
836150
836217
83627
836431
836475
836676
83691
836973
837020
837034
837082
837087
837166
837390
837453
837703
838044
838235
838411
838583
838678
838856
83887
839001
839071
839171
839184
839358
839492
839695
83971
839887
839888
839904
840138
840143
840254
840358
840397
84041
84061
840706
840720
840726
840744
841283
841900
842015
842144
842210
842241
842408
842428
842440
842465
842481
842485
842501
842527
842547
842636
842916
842964
843009
843100
843143
843155
843161
843179
843180
843192
843202
843216
843272
843438
843455
843515
843550
843646
843837
843945
844018
844099
844194
844420
844582
844616
844666
844682
84483
844967
845042
845110
845268
845282
845326
845482
845605
845626
846038
84604
846113
846126
846141
846306
846380
84647
846525
846539
846648
84684
847049
847171
847264
847272
847286
847483
847538
847562
847579
847597
847705
847792
848019
848035
848149
848209
848411
848468
848497
848671
848683
848715
848796
848815
848859
84892
849023
849109
849129
849175
849265
84929
849323
849480
849659
849755
850038
850183
85028
850329
850607
850792
850868
850987
851102
851120
851126
851182
851226
851260
851401
851494
851585
851649
851704
85176
851807
851867
852109
852441
85245
852554
85260
852691
852877
852900
85291
852940
852953
853086
853135
85322
853376
853467
853525
853548
853607
85382
85399
854048
854230
854424
854446
854452
854453
854508
854563
854955
855082
855125
85528
855307
855356
855386
855391
855437
855471
855542
85564
855784
855787
856111
856162
856275
856318
856357
856368
856455
856551
856637
856679
856692
856776
856798
85681
856848
856957
85698
857068
857199
857341
857426
857431
857470
85748
857572
85774
857767
857794
857796
857802
85794
857943
857975
858001
858133
858412
858618
858660
858680
858843
858901
859271
859365
859494
859541
859561
859563
859658
859697
859735
859867
860033
860066
860145
860168
860299
860319
860360
860489
860519
860636
860647
860668
860754
860866
860971
861052
861225
861237
861237
861263
861323
861424
861443
861456
861526
861551
861605
861695
861747
861831
861863
862233
862353
862477
862499
862682
862710
862714
862962
862979
863026
863164
863166
863284
863460
863642
863858
864190
864463
864555
864612
864687
865067
865168
865169
865195
865327
865386
865507
86556
865684
865734
865828
865938
866023
866126
86614
86620
866477
866612
866652
866749
866803
866845
866867
866886
867068
867094
867216
867241
867328
867439
867459
867590
867692
867806
867868
867945
868002
868067
868157
868161
868226
868240
868260
868385
868406
868414
868423
868431
868446
868478
868795
868828
868858
868904
869022
869027
869033
869087
869363
869392
869567
869667
869870
869895
869906
869908
869920
869993
870045
87037
870395
87041
870443
870456
870503
870596
870600
870669
87068
87070
87075
870849
870965
871258
871412
871622
871641
871654
871667
871697
871730
871816
871959
87197
871995
872113
872117
872118
872304
872611
872621
872661
872989
873014
873058
873096
873274
873324
873329
873365
873375
873537
873656
873809
873817
873999
87409
874243
874261
874273
87434
874431
874484
874495
874590
874662
874718
874809
875232
875240
875402
875553
875742
875820
875887
87612
876280
876282
876506
876527
87655
876570
876678
876717
876875
8769
876924
877049
877423
877427
877478
877557
877682
878042
878096
878137
878266
878294
878296
878312
878479
878533
878564
878601
878839
8789
879069
879082
879136
879178
879215
87923
879304
879371
87945
879477
879575
879645
879708
879729
879980
880129
880185
880268
880302
880377
88040
880435
88044
880479
880576
880712
880742
880801
880877
880932
881151
881240
88129
881389
881429
881515
881523
88160
881667
881788
881848
881872
881931
882406
882409
882494
882587
882718
88278
882867
882946
883084
883131
883204
883223
883281
883403
883419
883434
883452
883481
883636
883752
883793
883811
883851
88392
884061
88422
884341
884473
884480
884520
884521
884578
884750
884780
884865
885071
885132
885424
885515
885618
885682
885757
885897
885909
885963
886311
886312
886479
886522
886794
886953
887253
887257
887371
887634
887866
887930
887947
888175
888195
888332
888439
888569
888581
888593
888736
889037
889050
88909
889100
889172
889204
889272
889345
889736
889744
889745
889857
889880
889902
889939
890088
890244
890251
890318
890495
89058
890610
890676
890710
890861
890908
890998
891035
891070
891118
891144
891238
891263
891268
891281
891300
891323
891386
891472
891646
892091
892706
892822
893081
893134
893251
893351
893447
893517
893772
893967
894075
894120
89420
894888
894923
895102
895178
895282
895328
895357
895415
895693
89571
895719
895741
895745
895797
895849
895937
895944
896043
896082
896229
896281
896312
896444
896701
89679
896823
896844
89705
897148
897211
897239
897314
897358
897379
89741
897456
897496
897551
897589
897604
897635
898110
898220
898241
898414
898640
89878
898853
898886
898988
899056
899092
899111
899160
899271
899514
899588
899615
899788
899793
899804
899843
899867
899881
899942
899944
900004
900039
900159
900199
90021
900366
90039
900404
900511
900523
900623
900659
900703
900745
900749
900899
900992
901030
901130
901206
901315
901394
901573
901629
901646
901653
901658
901669
901738
901751
901775
901819
90198
902085
902139
902181
902186
90222
902471
902866
9029
902977
902983
90331
903327
903358
903458
903470
903550
903642
903882
903942
903950
904097
904105
904541
904660
904746
904790
90494
905044
905088
905088
90510
905155
905238
905345
905346
905458
905518
905576
905618
905656
905773
905808
905938
905947
905970
906010
906068
906098
906291
906348
906379
906392
906461
906608
906724
906933
906957
907174
907191
907300
907400
90743
907482
907537
90757
907732
907762
907797
907801
907817
907878
907934
908118
90812
90817
908171
908315
908386
908444
908651
908938
909016
90902
909237
909280
909390
909445
90946
909578
909710
909723
909878
90990
909925
909950
910024
910034
910148
910180
910210
910227
910335
910381
910461
910471
910591
910599
910647
910702
910790
910883
910940
91100
911012
911098
91118
911311
911399
91152
911544
911579
911601
911623
911687
911707
911834
912005
912028
912112
912146
912440
912489
912497
912661
912734
912834
913013
913077
913103
913153
913154
91319
9132
91329
913328
913414
913480
913500
913516
913548
913566
913584
913587
913625
913912
914012
914044
914093
914129
914132
914318
914381
914438
914650
914859
914963
915003
915036
915041
915268
91530
915555
915746
915783
915923
91598
916042
916063
916072
916149
916439
916568
9166
916601
916619
916657
916767
916785
916798
916873
91696
917283
917290
917296
917310
917333
917387
917518
91752
917568
917600
917860
918146
918186
918379
918383
918410
918430
918449
91851
918545
918552
918552
91859
918801
918912
918968
9190
91905
919311
919469
919522
919581
91971
919827
919842
919843
919873
919886
920074
920154
920272
920383
920475
920488
920617
920657
920759
92080
920817
920846
920882
921108
921148
921151
921162
92120
921298
9214
921539
92173
921828
922210
92222
922285
922294
922316
922436
922658
922789
922856
922898
922949
923076
923180
923331
923381
923495
923617
923678
923911
923935
924267
924461
92447
924503
924630
924646
924692
924819
92482
924889
924976
925020
925056
925096
925157
925197
925221
925228
92529
925332
925401
925645
925688
92575
925868
925886
926129
926161
926221
926241
926404
92641
926561
926566
926585
926708
926810
92691
927093
927109
927165
927168
927187
927249
927270
927354
927684
927766
92783
927857
927911
928014
928088
928158
928222
92846
928567
928578
928601
928602
928858
928930
928982
929195
929281
929342
929440
929458
929672
929728
929734
929855
929862
929916
930021
930130
930142
930269
930407
930460
930550
930620
930813
930857
930873
930890
930970
931135
931156
931169
931190
931276
9313
931323
9316
931671
931719
931731
931738
931867
931958
931967
932115
93234
932408
932480
932489
932551
932555
932577
932581
932626
932696
932769
93287
932957
933045
933053
93318
933236
933351
933361
933475
933771
933870
934011
934034
934051
934136
934322
934375
934386
934495
934683
934698
934725
934763
934850
934869
934891
934927
935188
935228
935261
935309
935421
935508
935590
935660
935722
935794
935880
936418
93659
936678
936716
936750
936800
936810
936953
937012
937155
937168
937446
93754
937624
937734
937959
938070
938103
938139
938152
938173
93823
938258
938430
938492
938523
938534
938691
938812
938814
938839
938862
938966
939050
939144
939183
939221
939363
939381
939415
939628
939710
939737
939742
940164
940229
94026
940395
94063
940694
940718
940739
940745
940747
940843
940862
940908
941007
941042
941099
941123
941215
941230
94135
941595
941602
941844
942309
942401
942436
942624
942749
942761
94291
942975
943075
943222
943443
943566
943605
943613
943759
943782
943789
943846
943856
943882
943918
944191
94425
944296
944306
944331
944387
944403
944491
944566
944673
94486
945090
945212
945357
945403
945638
946109
946219
946248
946255
946283
94637
946385
9464
946574
946700
946928
947038
947091
947115
947198
947285
947410
947460
947584
948030
948298
948337
948793
948848
948874
948982
949018
949175
949213
949232
949597
949625
949677
949703
949752
950023
950196
950279
950307
950312
950313
950414
95061
950617
950729
950760
950768
950798
950855
95086
950873
950914
950925
950970
951168
95118
951214
951231
951283
951423
95158
951661
951701
951813
951831
951875
952078
952277
952336
952340
952356
952427
95243
952569
952593
952704
952787
952830
952849
952893
952906
952923
952940
95303
953159
953250
953257
95326
953339
953598
953633
953669
953718
953962
954002
954020
954048
954282
954297
954314
954314
954815
954978
95505
955077
955581
955593
955852
955965
956033
956040
956138
956555
956796
95694
956944
957024
957241
957275
957386
957424
957503
957513
957560
957789
957874
958008
958021
958048
958057
958230
958266
958482
958512
958587
958760
958813
958909
959050
959140
959228
959229
959256
959341
959393
959420
959567
959606
95977
959791
959822
95983
960064
960096
960247
960456
960464
960517
960783
960987
961033
961189
961206
961334
961360
961394
961429
961861
962009
962221
962389
962464
962465
962550
962665
962730
962882
96295
963101
963250
963352
963456
963498
963508
963762
963778
963927
964037
964201
964204
964292
964423
964522
964587
964765
964807
964858
964880
964974
965030
965074
965113
965128
965233
965284
965402
96544
965576
965716
965716
965761
965812
965875
966021
966067
966165
966189
966363
96671
966743
966747
966763
966789
966890
966893
967053
967175
96724
967249
967263
967274
967310
967337
967338
967436
967486
967668
967758
967996
968029
968042
968126
96813
968158
968256
968396
968460
968502
968687
968747
968750
968797
968929
969004
969072
969192
969196
969636
969652
970116
970204
970240
97028
97032
970434
970461
970595
970671
970739
971017
971047
971130
971131
971159
971199
971246
971269
971340
971527
97167
971720
971856
971951
97203
97207
972102
97217
972185
972459
972536
972623
972651
972791
972825
972847
973235
973295
973383
973404
97347
97350
97353
973610
973772
97378
973866
973942
973968
974075
974145
974189
974397
974496
974623
97465
974737
974797
974881
975108
975132
975403
975476
975500
975500
975536
975601
975649
975703
975717
975832
975919
975988
976096
97627
976292
976675
976887
976969
977005
977074
977087
977243
977275
977610
977638
97771
977760
977812
977820
977995
977996
978068
97822
978224
978273
97830
978369
978493
978654
978691
978838
978979
978981
97902
979075
97914
979158
979365
979367
979449
97945
979565
979678
979809
979846
979940
979965
979984
980338
980351
980593
980797
980864
981083
981368
98145
981452
981461
981469
981643
981717
98177
981819
981903
98192
982270
982525
982580
982912
982970
983076
983090
983108
983138
983202
983364
983435
983503
98351
983542
983554
983703
983867
98391
983917
984
984167
984273
984298
984344
984379
984502
98459
984672
984750
985075
985287
985310
985346
985384
985393
985401
98541
985462
98570
985705
98577
985813
985970
98602
986085
986271
986273
986323
986383
986470
986719
986730
986738
986749
986955
987200
987216
987237
987243
987273
98751
987584
98763
98783
987856
987954
988005
988069
988146
988155
988165
988225
988314
988331
988371
988551
988638
988679
988712
988838
988921
988998
989017
98902
989226
989282
989383
98944
989488
989500
989572
989701
989823
989881
990026
990129
990131
990177
990226
990304
990362
990474
990510
990524
990547
990638
990654
990682
990686
990714
990850
990870
9909
99100
99120
991224
991350
991354
991472
991574
991628
99194
991979
992230
992241
992330
992384
992596
99260
992612
992621
992731
992818
992846
993045
993166
993178
993274
993312
993343
993408
993520
993534
993614
993706
993812
993815
993861
993887
994207
994441
994482
994623
994660
994785
994810
994857
994911
99494
994960
995191
995206
995291
995295
995306
995379
995439
995545
995593
995721
995806
996082
99621
996235
996335
996336
996342
996396
996415
99642
996441
996473
996563
99690
996986
997330
997592
997668
99772
997787
997812
997934
997973
998065
998377
998412
998504
998512
998611
998910
998947
9990
999114
999267
99931
999361
999378
999785
999881
