537813
992596
824509
451185
600430
523655
968460
592285
807830
633429
79819
994660
950970
824673
379198
302230
31976
228478
303735
904746
454756
684372
625226
593315
958813
63034
716528
383643
754358
194943
193390
631867
176414
610094
723669
532505
885909
966743
500293
119230
569957
398785
581905
313891
182452
2912
935660
216850
222156
308222
108472
540415
544271
771512
405738
82924
975703
22950
874662
847562
383871
260171
30785
920383
522543
710885
173308
644028
722090
733557
212157
70147
388479
617000
964880
450009
627011
177977
304378
85176
638638
296226
621214
512742
24349
214170
967668
509432
713740
583560
126061
92575
798762
805524
882946
566532
742317
458080
284699
281354
899843
376514
122701
444244
7256
681742
320013
58588
990304
665812
656686
602884
197525
575822
104300
557574
751684
50780
598032
442832
416687
168967
950729
552137
190815
553485
317815
512243
906933
41956
530942
891070
671663
453838
168253
866803
106387
599088
884865
170527
61110
137352
481587
575312
924267
465531
294922
790754
287573
489583
941844
172502
59046
984298
135153
111348
684039
607446
606103
868795
931156
606625
670653
536177
11105
317744
288420
406119
254350
861263
604305
539726
994623
158948
840138
92783
441159
351884
624787
743764
682277
707761
606431
868260
40262
600814
411447
377363
966067
775935
127564
481050
373408
587092
611648
641305
277990
87070
528180
703181
438024
285734
331563
706029
914132
905947
290464
765601
778178
808899
286481
803909
298621
817463
284873
828227
890710
574199
786764
413634
735044
523034
680801
355326
305912
897358
929862
212802
110645
256294
231699
672295
204149
152266
265076
397623
417081
920488
694245
187103
829283
209263
445485
910471
679767
895102
477106
98751
741089
124426
905346
140378
954002
967758
849109
435850
546450
168208
616099
267286
672306
327842
938139
468728
845282
934683
901775
561058
885682
798708
648583
600230
436426
492195
26759
523642
254279
323031
602752
760817
216223
631916
391666
601566
768726
728512
987216
185504
339628
613831
922949
635878
751082
702851
314918
952923
499475
529770
586540
228172
779435
155072
299587
587291
12182
929734
51373
166500
796843
80721
92691
271478
65496
540232
780906
661193
326036
363708
503247
629104
539855
44027
539022
918410
275587
528025
220959
713644
587671
689357
715868
988679
367639
711727
925096
511250
90510
739164
524303
180081
662342
212814
470390
779035
943566
612993
871697
523472
220747
340251
541626
480165
952569
283970
316717
297546
883223
448448
913013
876506
690863
16137
258448
358521
295690
986730
207502
55937
145890
99621
950313
864190
471147
861237
35426
844582
477882
758740
929458
90743
44400
810481
117691
591920
22663
663121
927684
214368
33804
788309
66952
26088
43480
720216
129918
851649
866126
11749
231063
814522
410214
249272
842636
61905
731592
928088
250489
152349
602833
404433
373726
372941
953159
602184
312860
597475
180870
315416
179557
194310
197200
754944
241836
868002
498532
64570
606022
475427
258446
808692
161998
749166
805826
512293
365371
289062
931323
539346
380343
885897
891472
438465
525401
492812
420195
661159
348237
217119
404177
345285
409336
681801
863026
985813
934322
474779
23644
338128
499390
765489
294406
450940
998377
832136
922658
594878
711228
964587
486888
200875
299967
422112
317100
653911
266180
509552
649724
76947
413582
827665
392647
193574
221199
366268
262581
506793
193837
813331
746927
144290
881389
718861
423048
640553
75615
194264
185658
111583
390782
753475
479304
948337
420572
806928
303855
850607
607157
116245
869087
855542
424811
878266
982270
737026
822615
452073
342316
286748
807304
383549
553758
309464
927270
167651
360706
203808
474158
405543
763785
531252
49969
862499
515742
121259
124708
247784
865067
91152
539504
384271
119682
964292
818754
431926
630575
246621
40022
193332
235613
252211
577251
754508
858001
625634
422097
622161
960247
24635
625480
967053
660219
407944
811434
865734
476563
473921
665061
7024
15470
318951
427307
731763
343345
472290
960464
770131
161358
450049
145749
418536
106725
901130
598408
460787
25386
365374
656854
189612
765163
665359
80833
665856
797702
189501
239801
843180
600651
606072
869033
136323
564984
221112
912112
521050
504114
153870
49567
229142
560715
536949
739191
820272
324677
175772
984502
482638
567708
244209
112009
868414
679445
7897
944673
136427
305370
167148
905088
901629
951231
573734
584649
808714
154147
34012
494775
283207
232299
39913
456727
511816
798822
707486
812813
806946
476884
732444
901653
719587
493452
373878
925332
166003
707029
710166
297861
849129
108516
50879
100598
208176
433229
616299
776642
281410
718806
282860
692116
289416
977760
188789
581259
300940
673422
152643
341576
963352
454955
874809
264610
121938
390185
241360
782911
2277
984750
385938
749388
734324
472521
781177
301781
534249
337641
172785
332629
756915
106226
431100
576203
216109
41627
68455
521966
871959
287321
689727
191471
659148
170046
442509
989881
861225
531153
930142
760604
337981
10653
952940
47555
158096
322830
428905
779586
829111
730112
891118
249178
794345
672976
799418
549743
123392
41261
943443
559097
319777
163210
778603
386103
591324
656045
795044
944491
196191
382003
694827
677302
256576
132408
34894
160867
492213
294386
909723
449274
644428
863166
187404
883131
52228
444166
220508
857341
971047
236593
727234
867868
432570
979367
189709
244002
600839
93318
366295
385372
701791
631516
61713
641780
417822
965030
902186
901738
428170
678692
398650
762521
856957
325183
90902
796841
225216
576184
760159
867945
19185
360876
810206
775631
811724
221383
230849
434582
448922
315534
361748
612345
834593
659344
315876
562379
476461
458885
455193
221830
352410
41421
671476
529187
223520
571026
619760
65631
451188
644004
24568
649760
85291
404130
521248
435845
79332
585073
512255
334861
636682
409426
474500
194285
339380
574427
343110
903470
23055
400165
785029
717002
924646
838235
688579
737015
968126
407402
366595
290302
947584
656828
530436
889736
788987
472751
1200
177711
296663
776315
896844
901206
531324
405828
493977
658564
884750
485934
178039
814900
534224
40236
574510
646753
460903
330495
475232
30102
948874
633194
159033
920154
750955
923331
924692
473154
771117
642007
780587
290368
861695
727498
962464
481630
790541
273349
944296
450955
564589
650810
934927
7566
916439
139205
229489
860299
334154
529849
508161
734127
834116
139300
614304
892706
669935
713425
869993
222378
240194
488838
446438
162816
403187
420971
890088
426288
529162
731030
132430
990682
207392
99931
82973
228174
973383
581274
616271
430303
273408
889902
292104
843100
261427
939381
607268
457955
813865
826030
31535
849323
294672
37522
515095
649460
368901
754259
62139
243535
445834
559447
700838
412514
246409
559788
388693
389519
924503
378539
736507
335712
397838
34233
567645
593777
28089
969196
333315
989701
405127
43366
156482
765780
538159
786840
899793
110612
519482
794156
144576
690133
991224
940908
275582
640721
315413
302248
377388
388895
14691
838856
559554
284532
964522
97465
875240
515557
323751
772669
499231
729517
23362
549957
868240
904097
437590
985384
709355
693946
102452
920846
711650
694284
201743
662255
777323
809230
803591
670025
342157
326852
230323
984379
522694
785564
131976
632887
564538
709401
425932
740861
540842
658100
528696
229997
878601
122147
305371
579176
845042
913566
773228
398330
104833
585049
634650
158010
354885
87075
540635
254666
410163
53350
465291
441427
844018
179808
3563
757325
38123
540528
851182
223722
582632
62470
658421
190964
712244
271729
748635
739491
664682
921298
566050
117529
578088
595768
543767
543266
280560
613091
460145
615913
102958
833851
746436
854424
818033
171614
895693
583246
981903
952078
577575
526774
334564
677712
717855
336248
465931
736188
705064
970434
974623
968797
844194
235862
457849
549255
364461
236564
821351
751347
4387
883084
990870
179538
36187
564620
915555
940739
412672
610554
868423
593174
665496
113819
637033
100189
105296
773414
993274
363270
22574
36207
444957
828118
847286
404477
650230
859867
805374
409701
703948
145521
405249
680448
372959
485137
991979
376014
615477
949752
256733
153327
727583
272982
552496
163230
651665
616605
482911
734508
498927
840254
652360
972459
645037
690598
513555
918383
523559
184897
900899
499480
947198
741970
980797
780391
204453
752878
306269
113036
315949
23810
981083
83227
445063
882409
829065
701686
58771
471964
21229
569207
400239
801643
491095
248320
34567
822839
528246
386785
269350
89679
968687
396184
325416
468326
650834
240363
415651
577898
371712
110775
402907
50519
338256
512713
296555
638355
17771
918968
5940
237020
236760
18301
326975
42504
476897
937012
805972
614446
408876
404805
672590
381611
489324
258463
706825
861237
11920
189300
613070
52597
594234
548440
45586
498494
19463
721221
486248
660408
232460
167079
105857
348492
711514
545847
385511
595643
944387
70290
445742
348303
748847
342359
508361
312349
108197
777430
146590
667015
358616
500066
570137
899271
784073
378503
773909
453898
16525
663100
151269
896444
958266
664641
508101
137661
12847
49349
647994
599632
425822
887253
459182
974881
993045
284843
605321
52542
698287
398486
935188
2478
680518
870045
958008
573044
161696
549658
228050
226823
618009
867692
619575
424038
602229
340213
937734
102591
740776
107447
40825
472467
408880
558727
974075
992621
787760
689693
51422
823443
343994
219520
124240
906957
521571
306456
437891
683758
168130
567412
151974
892822
139524
593711
255952
474334
244415
116152
525020
919522
12208
969004
482183
457643
699785
252713
924819
105705
511000
548405
932957
425585
548335
975919
768259
578371
198925
659062
657565
361661
221794
458850
770644
867328
278673
470025
775232
190725
687586
609875
209404
792545
995593
873096
724357
611099
554150
636151
821912
414122
391009
8769
967486
129642
491209
996986
60371
911834
795786
450133
950914
580234
646718
178327
269957
897239
126099
322687
699422
88044
614053
676195
657996
81465
418570
158899
743072
989282
285095
253549
947115
748869
203736
977610
795891
325872
474924
102197
646417
799641
361517
658129
645287
724680
338420
91752
657173
939415
625730
234679
127875
910148
900659
568904
622672
533189
362016
714436
985346
795840
40201
876875
663075
426998
290171
957024
484805
389261
359930
33784
832010
156617
604716
987856
908386
437476
736815
542476
552933
173705
318319
766720
641530
988838
984273
543100
249093
525880
910599
372595
118080
128068
678126
818837
188303
39659
594465
616021
873274
580908
503773
793497
44603
201269
843143
36701
390189
213354
154187
73071
543159
388311
151785
670831
137832
773329
787329
36969
501195
118747
846141
425064
199079
434311
416310
829381
889100
222391
291837
727335
601687
821431
532190
231377
506339
571186
228628
799372
306331
349358
17472
769956
920657
979965
938839
120436
777266
732907
637901
197124
94135
648617
837390
54515
843455
36912
509663
557572
298422
977275
153843
907482
391166
880801
431836
134765
31194
987584
588471
906068
48364
439998
415438
721832
944403
364906
762804
464408
659542
869392
189217
791734
698743
817664
471518
822040
326692
764128
485947
994207
54469
402793
146747
677459
479520
547496
110616
237665
392012
561679
927187
857572
451503
667946
276491
951423
13425
216747
124113
375935
59007
466390
938258
779156
576690
187612
366843
90021
727513
809038
244292
993815
707161
253890
789069
381774
353119
981461
22453
833898
523530
119406
901573
805601
283056
432665
431887
859563
494832
30352
740156
593454
666403
554366
954282
598469
880932
33509
547531
888195
421624
186286
125083
930970
489920
801012
146269
825130
540746
346273
432483
601465
343817
819509
428158
61399
424137
454053
706287
814940
516658
559981
949232
389674
943782
653722
116324
323127
209121
972185
71420
222559
334099
409093
95326
758381
160176
691285
491409
631545
907400
684764
226820
891263
512376
348630
915003
127547
127941
211065
932480
467998
291188
487268
150960
48877
64462
455832
357864
292501
594297
35363
513061
428790
404865
50339
462860
533131
406062
934136
76155
230368
140651
940229
27906
664553
362288
140158
615931
341487
229549
659008
85564
110388
536014
703988
788519
162507
586102
759128
279667
259382
790739
770460
428789
726614
437726
878042
271000
899588
35401
887634
912146
44613
120184
656360
359807
53085
878137
64479
355337
648082
274687
166654
492331
999881
27132
612941
929195
698209
229483
673886
385054
787526
948982
540535
578331
867590
43012
167280
225238
567584
210732
52443
126779
832521
90198
907191
186575
165595
93754
409151
717523
447405
896043
449191
856848
407055
135564
287420
534984
903550
389253
913584
135249
579835
305797
421382
546467
747702
105622
545721
27245
282599
502227
639193
226097
355641
736094
439275
792451
457377
795885
785984
51548
358748
168565
942761
771613
784224
35945
996563
272047
143567
25752
91530
101933
776859
192673
107894
502189
676421
461149
816797
189957
970240
504058
825492
907878
790977
149562
224725
5020
881788
809525
941042
757619
942401
293423
240292
942309
300127
59203
46481
951661
256983
553374
220375
748950
299470
615392
711565
63921
168876
80121
760706
755594
837166
871654
264781
779771
54630
463534
286994
775454
651728
136686
469
558436
798266
176586
687948
306571
949213
183640
398312
57668
767797
673203
682525
889204
485774
222627
284826
298829
177657
482347
41978
869363
303118
916568
423937
281477
828818
899111
868446
181375
114973
207620
753420
936953
129747
974397
752288
900703
650215
645853
263469
600960
622143
589432
759088
115181
199998
530189
207282
29089
816895
983435
152504
602698
628899
130452
817755
710624
375801
560483
232445
633308
12116
226311
583433
701148
719190
592096
353332
355759
677016
487829
856318
579199
456617
447678
264302
822536
317499
103868
531341
505606
641624
555981
625544
957503
943613
458980
904105
453692
805937
608374
739618
429847
167118
331750
63644
975649
534288
816864
407930
994482
911399
909237
907300
922294
264235
157484
378609
570801
594175
275831
72796
422363
783176
786719
909280
913103
822247
806507
373726
341683
682778
236147
842527
56106
516356
941007
332735
805218
715386
246427
143230
197053
161115
557391
5691
548106
499847
230017
581900
552416
722916
685446
689364
731778
71839
751561
895741
448462
595730
954048
614568
932489
347085
521646
623596
531989
704481
979984
139416
732409
526277
305775
862714
836431
802152
328683
425494
938103
608287
458178
377884
304110
87434
239732
868161
323042
377633
983542
755376
748192
995291
952336
407434
394658
209944
843438
18785
480796
664429
549804
771670
784597
329345
691596
803871
118653
978654
706714
264903
492200
939144
435496
36542
127608
939363
768594
921148
745102
411899
843161
832253
889272
564139
959140
945357
327968
890861
352189
98602
250634
700060
461484
241787
521952
347231
562650
975717
760412
49319
78576
170320
58123
140074
656061
355561
161878
30879
830326
279873
255459
255215
987273
254108
873014
217885
809
403938
577512
557493
960783
51293
557051
903882
565987
641850
727500
552796
776639
709738
418138
964765
389346
717085
397614
278790
879178
732332
747834
236321
901315
158929
2432
976675
956944
529152
399134
219628
67775
713576
333335
591838
541906
784304
755119
357823
368994
723507
512199
556827
177837
294008
259800
263542
612807
176938
3214
623843
540648
982525
517079
407730
235085
229724
973235
39848
370426
257095
616931
383190
27019
931190
76818
208585
377209
5619
654829
889037
95061
221435
47493
670655
878479
750123
62367
665628
496950
848683
506824
560021
279265
180967
452007
340625
816099
937168
187437
901030
454406
385234
520455
630791
128459
968929
404383
122405
18617
343448
635626
171831
484928
103388
37951
134265
252558
493062
206035
314290
66623
752771
407260
723589
768187
555108
778462
914650
425899
927093
311485
630579
998910
730625
790384
401782
709553
602286
185135
177217
165370
896312
270694
138037
273428
775110
22647
437703
251607
327960
823407
415955
328724
405233
675743
290789
641006
853607
500593
532650
209465
813791
577709
741400
3745
3642
992612
505275
612653
586046
549251
25815
634480
320870
434258
983076
97378
851401
284397
723257
431801
200349
208362
318634
347064
939050
431018
186683
170196
988712
342629
215497
891323
116333
521496
554910
959229
968029
265001
33856
26808
371753
329343
807412
271336
431694
726051
637511
270671
527989
882494
159337
510073
461147
988005
405106
891300
490718
688534
578839
383554
639115
5004
660367
650565
109150
277085
557527
34723
54155
8091
214457
380650
849023
420582
723189
959050
413682
712405
38290
439427
200439
336697
791147
461091
445364
222091
180669
742948
158610
618801
354270
986738
83530
201117
589863
49308
177604
975601
90812
605378
622413
559847
116332
98145
913625
781331
115650
645812
268080
498308
402597
485503
950307
531000
798273
360920
596603
662826
365221
963250
214148
302783
351702
159140
857794
739851
386716
157172
111296
855356
723620
905773
264456
405057
349713
156971
460418
592030
445708
357323
908315
918430
654763
5565
665853
789321
469549
304493
671588
889345
378627
53914
235960
333806
732053
86620
164164
309250
427877
496392
594278
999114
798382
63607
396610
768256
261208
26487
939742
416298
380390
726240
678084
262423
917600
751181
899788
850329
725575
612116
932696
900004
783633
713459
483649
682158
946219
249506
860971
408439
749914
299336
625158
613128
582294
613310
800906
526445
2016
967274
399394
119660
887371
654445
295735
793220
771015
704615
837087
147047
394783
3631
785630
489673
401610
973295
905938
427048
965128
403599
590912
585421
826357
865327
722489
92529
638683
837034
506054
700714
970595
198067
892091
228048
566175
577090
774366
108348
250403
989226
714232
42949
620955
661118
354059
110443
104943
212247
677844
97350
164736
217882
603263
600748
850792
598586
44400
123604
880185
874590
245747
933870
176717
361549
675871
169658
160257
149675
188556
348855
360537
426683
619441
571066
399771
382805
129019
953339
449901
802208
926561
598480
691103
283
498059
204669
379409
431676
794070
692923
77199
709970
388904
417058
831699
202199
429417
158931
46296
344033
569820
348244
554513
586225
366567
608343
667128
623787
595118
501503
182625
647378
756180
548031
518213
971720
585615
872113
716861
21695
55537
713081
457572
69600
17604
781572
1435
483998
487406
338369
526008
979809
145316
459570
943789
833014
941230
408759
147903
904541
165215
436797
478142
429970
739957
731133
311428
931719
311586
791536
47379
604314
702633
731738
11543
568201
995806
629848
700219
880268
23811
933351
598630
235410
541846
888332
727652
679002
371102
801300
66623
235089
75942
110208
918545
434752
171443
460126
360563
694817
240884
889744
171399
32601
209644
470292
7907
515468
777702
233022
837020
189396
199497
580826
308156
209695
420364
322391
15786
917333
214897
252649
654184
176920
604430
106536
766421
39933
255629
367912
91851
675056
437686
58062
280458
467087
56789
546167
415524
204161
374349
910034
291935
112974
464701
195626
302696
746323
865684
570587
145066
440900
648723
677437
90990
361213
265611
781243
425871
622101
648608
907762
223854
53044
850987
323777
494883
50331
972847
644673
327444
875742
51170
209165
33937
723823
639343
334756
397962
168888
997934
489920
172951
128222
152969
299031
304874
448535
95086
358921
22575
602010
298873
177992
519139
4838
703875
882867
695429
367534
848468
69266
516756
607004
625986
967996
197270
506077
161248
978273
920272
692564
862682
652853
797769
964204
540601
985310
338167
703675
648578
749757
737880
351738
996396
613194
883419
926161
338567
787417
102128
287977
537973
156506
524160
298996
80727
963508
934011
513946
929281
410405
946928
550125
604228
785272
180807
661956
898988
891281
583841
187514
640805
277025
683416
365411
690167
995545
340993
156103
84041
592108
245185
848149
673985
510509
519503
857796
662380
35855
868157
465956
302578
954978
411208
862233
349402
750065
729825
320494
804872
909016
521931
191602
698144
479783
499809
508839
544008
916072
675779
54905
12394
856455
312733
663237
819234
544810
479267
173789
232638
553873
964807
534885
620437
640441
440693
487837
819445
701159
731831
357147
850038
825419
421408
787508
435741
857975
890676
229167
407837
235320
938492
671350
383952
685910
524242
787807
253530
422798
542456
930021
717215
239413
884578
902977
824724
362276
878096
338711
540762
184724
408288
624313
979846
448170
868478
921828
724650
4389
65869
233738
705069
273699
460373
495163
107179
582844
84684
792365
245860
758706
96671
91859
163269
655375
359213
616433
878296
602674
951813
339869
597732
203992
463547
127009
719243
50067
533617
977820
314269
380050
588945
788249
400718
87197
209433
866845
975403
251128
331713
773674
246616
861443
87655
897211
195134
344168
926221
133213
661183
858660
235737
115354
212756
931276
993812
467929
46900
528658
393311
954297
73029
779830
136307
413020
216973
426871
878839
493631
516074
334024
361579
532618
803188
16759
413206
764583
996473
162723
369589
861424
75716
884780
538676
560609
874243
762806
724886
325553
474274
154297
468918
896823
639858
481002
337009
484419
669854
390623
310318
502941
729724
323051
66851
139580
368059
961394
850868
37896
465760
682958
491628
275375
918449
387832
662068
545483
639986
171465
811687
610908
685115
695801
54729
444946
753308
231012
243745
791245
725907
890495
720708
981643
983138
657896
177449
546065
37350
201669
74524
99100
595459
364073
310972
913587
152203
444665
467519
447076
492278
327319
742736
754140
216253
674637
193500
682108
350930
335769
854446
764658
852554
451008
104618
611784
609489
519471
798417
547534
536856
129193
519340
924630
832516
323956
322066
709107
174171
425624
913480
630011
446883
815946
141401
891035
171450
60489
451053
987200
638859
528195
50422
776050
235971
946574
859735
962221
920759
645731
454855
912497
437069
151582
988371
73401
879645
133584
395285
572934
910461
308995
314700
545267
807410
966890
749575
287494
826629
996082
343399
4407
683096
948030
147335
297635
66638
921108
995439
770434
812872
523375
990131
753403
994810
666919
784690
369958
360044
495914
765078
310021
130880
962730
617925
317836
507634
168320
975536
814711
669032
72532
483714
925645
592719
28698
160116
36511
620616
976096
108763
494909
801460
695221
341411
139817
149024
852691
263927
375629
898640
813976
816140
731241
926708
147377
704842
370421
796068
652831
125175
3400
32613
379248
906291
809063
724417
834859
236431
978838
701596
56589
199447
830692
333419
752205
120500
768513
472619
154086
807422
392125
346020
404483
891268
101890
717742
274036
742635
659654
671671
706178
94291
967263
508143
417984
308736
315291
78808
375348
869895
831373
94425
942436
28974
862353
314657
15065
638286
506930
666388
69080
262818
421528
758993
69753
786137
804931
817772
891144
271179
780379
561841
951214
68620
564945
767262
588362
821706
951701
187814
422784
419487
796044
145736
314258
919311
988146
594716
814980
746356
905576
196671
381595
821807
5820
69465
464956
319217
756239
885618
206696
960456
948848
519108
868858
180824
660927
2319
425902
771186
512033
2814
255123
776158
535754
126947
685444
306171
207090
34695
76112
106591
725905
163669
990547
725900
720897
143320
116324
156610
118817
619544
915746
445290
164754
98391
76859
847792
918801
741176
366547
13892
105516
175818
895282
270228
858618
715848
756325
15044
52961
913154
9190
452864
644378
361884
945212
933361
671888
466510
24654
536106
883481
823311
908171
565480
564526
364532
860636
629113
719966
810121
709764
611441
140905
761580
390659
962882
345413
893967
360716
540182
697512
768783
700935
344552
252980
264934
66069
311909
410159
63181
269789
613543
126732
940395
987954
755087
395818
230462
759609
935722
967175
958512
761784
868828
532668
455719
679764
534986
739699
874495
623084
866886
191722
833073
971017
250814
708978
569900
331064
361958
99772
363704
365073
541352
747575
413985
831342
608970
856368
856679
32305
12847
849755
524055
852940
19907
847538
607256
212480
421174
373551
251148
717995
117081
512996
300253
912661
656105
860647
366099
896701
290512
391403
281329
477656
807482
375944
992846
378929
237968
750750
571021
819094
767248
996335
869022
691753
853548
309393
976292
258597
895178
453722
557415
831041
629351
577601
889172
275172
493327
205733
512339
68091
542560
281955
883752
91598
308246
522040
434077
155423
328222
273332
285093
367650
54212
746061
749281
947410
444124
530682
890610
429522
839904
803404
653785
896082
510446
813660
700850
628193
224477
19180
717865
357989
427888
260747
488892
465743
937624
617361
200013
736311
103820
873817
555804
522679
919843
337594
196496
890908
583899
506404
158069
551824
749962
51794
561876
10378
501927
826421
667683
250713
852877
239198
683037
797466
107098
375512
917310
292962
453313
808845
67778
363945
969652
382373
906098
648289
242910
481949
855784
505667
753069
851260
85748
198310
494308
175112
945638
175813
205550
833528
248501
240149
121017
775051
897314
628975
280393
484006
728371
618645
244265
220896
971131
699115
432463
374135
724468
695022
259830
44079
10950
69344
57918
130089
546912
383882
87923
89878
986719
537365
217089
505459
431288
258455
286492
226970
900745
30055
895797
895944
937446
32772
112271
114449
114580
590213
159540
799323
89705
848411
731958
394163
584392
946385
6607
521869
576908
412287
454283
731703
206606
543449
161583
813211
345914
180613
415262
885132
818159
193888
404305
202947
707997
315387
273475
853525
723711
713447
715782
139559
222746
465109
911623
545038
346148
467348
563299
665271
269919
750983
360217
456927
42693
469885
253832
621145
79535
407476
221900
925401
7534
718938
740815
727412
610079
45609
753241
767817
334205
756103
76299
63603
643497
582662
959228
780922
583022
618016
3317
730442
273308
217559
47528
942624
117065
257675
182843
439827
697152
902471
847272
804802
576785
47811
50961
405001
833206
597210
235431
491226
988551
834817
574378
970461
715407
12321
774394
147041
464658
802478
888175
842964
218324
254173
839492
237725
585269
293191
54985
368011
565144
918552
444668
546000
721707
340639
44182
955852
798021
957424
866477
285010
907537
594574
537524
384902
183687
957789
332283
414851
673082
530528
381007
673081
29413
624415
865507
528255
98763
913414
269387
983364
631760
893772
261537
647763
454517
22956
998504
710315
14880
422296
418214
57079
122569
207861
168226
704944
846306
821726
587142
950768
968502
658251
780716
349998
313511
427185
312138
459222
910883
57312
853376
555180
773578
158631
83112
21403
560455
673941
715164
577931
733712
593548
281175
762236
140939
471905
275407
276374
651462
580637
62616
927857
447977
184888
438195
622796
169208
704137
560670
846126
820595
565703
441466
57069
176324
383889
156990
993343
408735
875820
930130
749775
392360
567126
624456
69766
719857
177829
780191
408099
947038
407693
354203
972536
993312
490307
295103
959791
899881
311443
573083
727886
48959
367873
307746
161674
375383
423115
457407
693201
915268
742798
24242
240862
737848
807044
288302
83331
856776
816632
878312
310174
457582
991472
65703
668426
290716
250839
857767
335566
208224
806741
394812
182320
461332
553642
783371
99690
595682
812816
480962
944191
314956
953962
395239
832297
410544
603813
953633
279048
503871
225067
796975
999785
940718
949703
548019
990714
525244
869667
899944
95983
618704
477206
641614
553569
87409
247549
461745
790026
114420
271655
437673
861526
552276
427870
659799
293272
133015
868226
962550
575597
349940
418113
280013
50545
732020
103889
558323
685061
439926
631402
314754
868067
344880
890318
847483
900992
707663
606645
354732
640123
672574
925228
256777
663106
437013
361930
39246
126078
410100
317176
765469
969192
859541
289329
760290
471758
569073
685607
828487
752289
879069
705104
722277
814637
77450
53564
37596
157539
691708
770136
136094
654578
304542
663894
112946
592705
899867
807236
843009
363032
347388
800798
527703
303450
511893
595076
880742
18335
651602
426651
282855
629820
214244
291768
925868
69890
80026
414770
626426
342116
336406
313858
484552
855307
988921
133059
912005
871258
92846
127667
236884
526288
279952
451950
65460
532589
438458
810741
979075
135129
119424
291273
475235
501647
343427
102820
170934
323421
25569
772211
122325
517835
248990
986383
710187
136493
583440
967338
840397
494802
212107
873324
672024
73671
449744
448707
983703
985393
621220
27001
387031
765518
859697
24465
721943
872611
51917
16492
813867
450991
363715
146403
726386
651922
525803
477511
497454
154097
637626
117707
370475
520008
436144
195128
900159
178213
168650
932577
65623
968158
91905
903327
523242
832830
314004
664939
839001
104871
147653
33857
658179
288837
83887
907174
753009
805372
672738
330888
715666
829920
801601
765921
623363
807629
789435
642167
760712
183724
87041
412440
211384
90222
675962
115136
568012
151099
740824
717342
398026
818933
451097
333090
217470
338024
29823
367327
640863
28447
571031
685028
61773
829726
145126
425159
822757
16129
373753
978981
940694
289355
254333
126994
202688
960096
935590
809379
42192
13991
108904
757549
539552
364255
739100
871641
544392
114050
458716
112255
554081
968042
476443
3720
579986
453583
80140
113277
408631
860066
268222
383177
313831
718020
452201
242516
438918
613357
631907
506379
95694
299166
6649
447973
578611
684234
677985
792699
975500
711273
971159
238532
425463
990686
809714
727656
856692
975500
95303
729574
336858
849480
371068
709240
634818
119200
282961
914859
224311
844099
650170
62628
698221
653301
290481
515426
928158
645304
409632
827252
293432
787011
40787
586397
714894
138655
50341
887930
156809
459282
217649
360222
783903
555325
665946
466060
552302
521615
765423
933045
434853
753693
132596
182730
926241
104713
905458
160562
344154
363076
826165
516620
473189
97822
151382
717770
920817
820594
27231
5131
733855
871667
234845
540253
476193
865386
97353
78662
357767
67133
654940
482516
284026
428605
289019
951831
48864
968750
447635
125127
935794
807976
676479
485903
369877
183787
635195
681193
190746
314151
992241
436328
844682
96544
774967
380685
708444
79008
486507
160944
235221
319160
52639
580540
711367
79958
261829
110012
598081
722799
718784
446268
99260
968396
370896
922285
97207
202844
664179
952906
723199
331730
490176
302696
438191
601102
965716
225229
694509
144340
543147
275150
741910
800443
287440
173915
788872
735609
274052
108520
108028
774794
656896
667536
675173
209201
33542
961033
414229
378837
31811
340066
262326
394498
569195
532018
879729
284763
962389
282545
989823
997668
993614
946283
825121
591157
833044
93234
707666
317329
537798
400124
622262
589025
547379
617727
636839
131541
622478
285572
109384
883434
727848
757678
46189
551538
247189
933771
445477
450744
506130
147849
368605
205053
834318
405994
367817
352353
836150
232170
312556
57257
211536
578889
918552
675605
956040
851494
230873
673089
154673
417340
255346
92120
879215
802133
827882
795558
45486
625389
869027
219522
18851
779915
804213
640151
914963
811976
776968
612028
476351
296260
800032
801515
338116
273628
551218
943918
729647
323736
377555
930813
409913
615760
967310
806223
530964
826224
883851
128206
168918
952787
259474
600930
139974
92173
252087
220154
675338
44036
628506
750398
35492
946248
570067
843202
910591
742668
833205
128932
66973
15886
397515
815828
277794
172671
164070
509372
846525
580455
248568
908938
204899
795489
646265
365122
507536
903950
863642
899056
809657
219404
215236
421728
966363
98783
302765
32346
270794
660891
424775
931135
746550
833630
65022
836676
401640
342542
373916
916785
82348
112885
151307
867241
60491
784210
457355
350350
968256
611115
929342
680515
782228
647095
177278
742384
156255
634085
486001
87068
95977
92482
863858
120935
937959
463856
747172
241331
311783
314683
905808
800515
866652
864555
291417
28277
611785
945090
877682
9132
673641
719022
506411
837082
807955
591511
577987
98351
666290
406744
491155
410696
344368
439522
495197
352545
830289
911707
462982
854955
757671
899092
996336
628212
186373
281465
592933
671055
25058
386909
320378
966189
990362
186173
977243
115069
133767
222634
618805
222096
638650
101256
290894
600212
657244
936678
536006
918186
90817
702515
829627
943075
599841
804478
768068
921162
334630
727655
842916
76174
843179
154285
180124
987237
9029
398559
82826
620504
826572
159854
625842
22806
765543
116019
807382
206768
580076
956796
979158
622572
448326
665851
174301
561703
239454
83451
966789
537167
856637
316695
820298
361611
194391
399053
442027
840744
319119
449635
990177
416664
817546
328770
666391
623030
574409
297846
147264
803797
191354
642307
418595
436427
325091
450763
649209
715389
939628
749607
487989
628869
590419
44152
203158
312350
702840
426331
285810
117604
747030
332472
426743
250429
590242
538070
483422
646774
1496
65332
508993
638425
205685
91329
283500
731623
723503
19695
813980
247759
185535
234919
839888
127525
491343
737815
559574
823477
150556
890998
370488
126852
813664
726677
552076
190348
754899
613853
427173
288575
532103
848671
19107
616368
263933
809425
930407
64380
494558
647213
662495
375610
362878
608354
57562
616703
830167
738362
412476
484816
500885
421132
509491
974189
586622
586441
575810
310928
496063
492577
953669
195262
975476
525140
444733
729709
283516
428373
448444
865938
758556
48514
911579
318633
539906
516317
800488
355859
769916
700058
559531
280222
95158
126598
927354
277837
514594
35105
849175
817255
950279
838583
744014
131817
913077
657790
177568
906010
609567
719570
356883
876282
731353
142704
616288
418354
896229
458154
384674
827742
499091
435889
247290
703446
282258
185373
739269
515692
821130
287062
717329
714861
186211
231884
125323
90494
386482
109828
244180
540233
444965
8333
158480
31408
928567
385930
369317
548352
978369
435233
855391
736880
585740
493823
291928
355562
936750
704960
154064
320636
670144
612039
816672
533916
874484
920074
582698
920475
418960
318967
286492
501947
279685
679855
276183
240694
237390
721764
988998
244372
116273
634311
730058
568747
261471
847579
214647
486674
747314
856275
124771
357157
554911
928601
437187
681782
169942
421028
415137
57138
229635
297084
249319
454636
700797
523959
236548
762866
445994
726043
417730
889050
106331
356608
926129
716098
829154
303409
323937
280817
950196
98570
529708
440719
475993
3429
48785
839184
792845
698919
768614
88422
347383
427087
911311
901751
765672
299199
117635
847597
60258
638661
628760
813265
201127
284353
755689
113661
641560
356125
957241
998065
507650
345382
188279
916657
876570
970116
250232
938523
484130
542366
719713
356966
934495
426824
995206
879304
289155
198982
402816
510335
596799
758946
106754
150929
567466
91100
151114
370189
643822
646516
824419
592890
512581
284015
139279
913516
681469
839171
867068
727049
744675
487023
881151
512780
442400
822429
236687
282624
255447
129419
260622
840143
857470
225238
934891
177979
686486
195482
816313
931958
765215
514800
198792
458963
881872
902866
781784
227444
790414
199334
237924
493226
570423
638918
26438
616698
114643
551696
604618
157881
20569
442181
580273
82929
448684
591367
900404
519247
784884
883281
903942
341430
379855
4751
467835
450354
923180
2494
396974
826781
3941
651881
163672
186503
965284
809895
318084
758309
867439
828399
839358
178326
158222
160252
468486
628096
453727
387368
915783
473340
432885
631598
910210
497662
76416
576723
93823
436643
113821
594109
692519
655932
233020
510273
483663
934034
308614
344105
391373
621966
871622
310176
900523
991628
95243
674214
436220
984672
417157
26707
739341
393790
903642
925688
997592
329877
593030
915041
909390
541542
354543
477206
85399
923678
930620
185569
978691
845268
707913
363279
716198
729533
823594
640735
433044
470603
433767
835352
43394
806897
752752
636500
573009
793882
507776
293652
150393
323729
134561
598879
435081
930460
149518
649896
910180
450678
609778
353087
175892
910335
404870
845482
720956
231365
138734
72075
440077
582903
687466
553665
738381
848796
915036
174897
159336
579549
963927
389216
649516
917387
751094
93287
516635
260246
886479
843272
76524
367519
861323
651948
980338
707269
898110
44506
386809
376542
428619
52578
900749
787360
737566
4024
92641
610690
185388
672033
926585
665273
382831
87037
820835
668529
9316
433665
454696
590598
561572
986470
115078
73552
955965
949625
401483
608218
438171
425037
109522
826320
799364
448648
516426
820454
401183
779848
891386
363522
103177
679026
874261
914318
589988
571955
652212
297471
766791
907801
918912
824183
68799
393262
222013
226809
429267
211892
459419
173218
684960
765488
976887
648037
883403
581581
943759
981819
33693
129581
453662
645604
603438
18789
749691
248755
834444
473355
415938
674415
922436
241177
531096
288650
143093
940843
948793
438840
428847
137004
350511
64417
113164
201329
651075
666560
185018
666967
37906
787642
693031
366872
434250
861831
309413
851102
73545
814619
279365
33348
696625
455230
385706
437636
618386
651489
694765
353961
825684
194293
396868
88278
872661
70911
684249
218162
823570
872304
34166
4121
640227
524991
493003
466854
313629
643201
65098
725883
739079
133687
686552
717901
123599
32468
911544
787628
574905
4945
925020
695112
90946
742514
674321
631278
239748
993166
731862
645304
582736
150093
991354
767936
359114
166299
302792
650014
339651
128774
226462
320541
284719
69180
961334
99494
871412
864463
889939
80653
670905
420440
414545
936800
821924
676972
635368
343475
533622
935421
884521
162739
905155
42243
99642
107055
482122
258048
156552
764748
249319
599020
435015
778135
318735
784712
414435
150081
758529
313856
304650
701541
125854
509974
583822
731669
746728
526129
382545
852953
625597
39547
166804
532510
566406
744397
682996
757354
631070
752581
474195
253958
397040
940164
449386
919581
448922
423469
527209
474227
446917
301482
174526
171423
175261
814185
98577
421163
467956
403471
617186
38861
311421
267803
77208
40671
399153
351131
969636
778018
508732
151684
217778
70953
229979
694774
179181
959567
681082
919827
399192
760808
530801
507692
787941
307577
780668
559095
263447
371269
487953
139848
71188
301704
371528
660546
344498
206802
575975
324775
774513
608869
244394
231166
314337
714529
804131
745054
503510
393721
910940
68390
566718
362450
964423
696290
814251
791452
974737
692363
359116
623177
538400
754180
397187
682275
520509
174001
956555
710434
754383
832576
486269
761980
135311
843192
675671
796302
579547
152360
958230
86614
573783
854048
577687
955581
466483
854563
410283
917290
275195
921151
605358
35967
149161
912440
788157
446089
834570
31095
950617
115181
923495
756327
482483
906461
101306
689816
954314
317023
254215
131337
692898
364552
569543
672670
455969
468418
971199
769311
380147
863164
498906
526988
501762
425066
904790
415749
878533
901669
26582
289502
556829
977087
39706
842241
850183
813772
778651
202088
289717
49562
759093
934375
684277
703601
315650
252399
22513
577877
348244
47752
444318
389070
68590
473746
992731
160918
247688
631387
754457
311444
157132
933053
549078
360934
173760
788034
286069
755687
547845
564867
85382
623967
630773
536240
723408
365103
710926
69780
663548
98459
243864
205011
845110
241231
314416
590951
411061
754179
136881
992330
324328
354789
979940
267005
365845
811946
932769
42953
790507
802375
150149
520311
814293
665471
861863
800905
307148
562189
723704
672820
256023
887257
218785
745295
133679
708527
308028
218537
234333
858843
537091
75075
525038
916619
18275
884473
502269
863284
285555
688811
396268
195775
511411
154105
411035
394765
14155
899942
549838
437926
988069
553873
897496
747538
378651
666251
10396
525976
127104
580907
861052
640732
73886
636850
136363
984344
179898
425633
370140
559697
956033
119397
704861
290628
243234
111273
906608
588289
341548
454684
750124
292662
201528
591846
432597
49065
78625
442844
800364
263451
525747
1390
882718
226326
371552
192076
826649
79391
883793
392423
207155
596804
292030
512446
452668
12875
938070
774613
109711
214083
706074
330354
797497
984167
515823
206965
865195
629164
159460
713471
314776
773277
257415
655010
181119
703865
803478
986273
340672
360618
509886
748146
85794
254642
25317
160983
218471
11858
883452
529465
870395
68870
334965
859658
611693
538026
197275
551839
770634
674971
944331
981368
157011
941602
175984
718354
414943
227073
575419
120065
493242
352540
56653
435258
55016
843550
206045
517564
668132
528309
353228
787045
142516
61141
345911
668100
712329
537853
810727
712035
170559
168164
695868
105150
45712
994960
665369
457671
130277
295711
334467
751525
514431
58093
612834
590662
646612
426643
669182
232336
205608
812093
225922
148652
577800
47778
738306
486148
221911
540009
608566
509189
119699
639447
476295
507518
28717
872621
506200
614328
343551
30952
524575
664921
417451
721441
463923
363622
577175
6681
666515
990850
266885
670857
218480
118969
321427
89420
183982
692051
225264
964974
963498
170726
63305
57460
425043
400805
682486
392162
966021
460708
791740
355097
472126
175776
71308
928222
501038
415398
768746
897379
588787
696840
723122
396577
712674
538340
990226
629652
997812
352157
888581
509101
947460
697079
628016
700585
528065
667694
635168
932581
406291
740829
975832
503891
377359
220871
848497
445316
748955
170896
975988
860754
155636
861605
208016
858901
367825
307065
815208
875402
68229
66164
653196
131071
31721
424950
953257
327590
78745
690636
624625
692777
334425
368948
648098
197999
521694
427270
998611
734074
202022
647539
91319
754627
61130
77971
647428
450192
781520
453108
958760
795247
519436
213337
387113
744754
888736
496958
678256
233263
286542
711703
143058
284974
435177
927766
418944
965402
352685
522401
655572
142795
793226
857199
977995
48789
537295
496559
306310
22546
185588
837703
262129
834695
33781
860033
743428
242072
819823
421586
605078
235498
964201
526577
373257
811451
344567
842547
152373
855386
102375
70301
80394
497000
5022
928578
507484
288647
995191
151502
616954
340940
757173
309279
444442
197792
76737
101033
103550
406524
106185
809983
419841
922856
47434
809364
278140
172420
912734
843216
384287
982970
742190
462033
561708
416489
498164
404730
421530
31556
350700
250792
656443
873999
780461
879136
879575
383567
452115
254426
65086
399197
397570
988314
508884
653382
570233
971951
69253
534185
54795
869920
603754
900511
973404
724518
774660
873656
31300
61175
32047
314156
831659
329158
544614
200612
847705
435737
269710
454988
455811
180997
565601
626495
321667
464826
928930
422135
42418
693298
84483
230438
869908
254410
398827
63997
932555
62094
739178
596795
561958
653874
343945
523917
764575
916873
221233
172156
424365
691923
274416
636679
262341
460328
313485
719061
649630
893081
990654
802653
904660
926810
887947
15591
358936
374308
952830
462297
796200
116297
349729
104728
513099
944566
989488
728669
119479
380741
819705
321701
246723
410013
568734
555601
506692
572618
485662
381643
401199
82267
565096
786262
144316
17048
673649
500115
607157
325321
275634
598816
336847
145271
12092
950414
437505
242124
259999
156674
818080
369237
121019
281586
778246
788754
465083
459247
950873
361255
191820
98177
278760
914093
189943
605953
731212
426980
451245
386960
82084
898886
226411
709777
727342
857431
983503
53899
142502
419531
550619
47289
855787
636696
893517
252423
580481
290462
356959
246544
199338
828961
633899
548605
682952
797765
717849
168410
555373
531304
698118
443735
515671
195673
299094
53929
367223
618847
680662
163731
820135
97028
852441
460229
576528
345057
942975
319144
827380
163626
402532
36013
355730
77820
771191
567721
157155
931738
897551
47285
594697
947285
989383
79314
809819
390123
777005
497706
810585
886311
961360
146621
603126
458772
297985
152866
377152
467349
512995
695309
178018
151521
275448
828742
307125
306517
869906
861456
713801
540818
121223
134420
681496
680265
691857
50921
479510
290289
410526
536716
917568
234098
12488
656081
517306
348552
867459
591482
377553
117062
373836
946700
162006
732091
106274
501460
91971
246185
598555
682900
461415
902983
186392
555153
351078
407633
920882
514615
565708
836217
996415
397162
285312
605967
629075
19941
302416
545643
744323
703241
749131
808712
83274
559320
577717
274498
345837
786636
111867
714085
520291
971856
166836
323184
626497
550221
584150
695278
775502
567473
241388
13560
190938
718386
903458
816621
512809
252008
10349
134737
419198
569008
543127
341710
85698
446398
763263
825285
273989
501869
832383
905044
732886
597746
276423
234809
656342
935228
337721
579833
863460
737139
660391
821862
794848
833814
57867
910381
794071
825747
249111
247200
773913
446704
310190
569099
274286
203112
953250
541742
993706
573158
229980
851126
520273
297662
578408
83309
898414
349982
527118
421037
736107
32130
607928
559614
719589
619987
856357
877427
368297
481356
614712
329699
536535
998947
122740
833736
597391
82278
170208
180603
935261
137568
344540
97771
470055
984
247128
670516
823147
129211
968747
689252
497426
460626
973942
258673
172934
283329
77720
472185
725668
781961
244292
916798
803047
725043
333212
119114
152626
606019
131367
600042
210740
213038
684856
835424
65810
857943
194524
579729
411195
119173
64664
84604
164149
797404
562695
612828
776397
926404
371062
718162
316960
449455
978068
44595
285580
238049
263251
445857
436701
814351
37244
288694
592744
594342
557364
911012
641879
658003
32241
446419
289442
643324
840706
516304
57642
706463
70791
741165
446990
568555
598958
773905
660708
718423
995379
480836
906724
177655
445183
777757
567138
323665
366753
264996
451910
296496
398988
576269
915923
672998
666286
943222
803989
449939
424072
934725
590946
833339
751687
485806
529000
496206
216617
189292
197602
941215
961429
172535
456441
995295
62508
571662
692856
512942
453970
522977
232895
559409
475652
938691
890251
509794
684204
197673
279774
844666
656110
880129
176866
497384
487152
528143
521181
29774
873329
219820
187955
592072
83971
188753
328875
671237
645995
640456
271727
661960
306895
210478
823542
568873
495538
957513
512356
240737
400739
644885
165230
393091
180357
132266
965716
178688
820215
467533
346080
793091
5385
96813
552190
873365
934051
219930
326125
608783
534729
323982
178926
763499
223292
583105
259709
84647
11986
400754
280894
248157
727045
557293
291355
476542
205202
749174
842428
13541
380307
550430
549376
818320
384583
377072
399330
649458
992818
400904
697024
813215
908651
430084
593919
990638
914044
638755
223966
972791
422099
62044
538040
724121
708181
178737
53632
516987
24223
283642
772
426274
860319
639514
163670
905618
330873
167550
271018
71772
583195
378358
587545
740378
49435
277344
362235
902085
754564
951168
730790
574033
862962
422028
579155
68519
36836
705447
994857
646041
864612
791703
641323
650930
925886
930269
664410
111543
842015
331705
253961
623022
735681
780191
1263
44630
691934
706753
695219
433566
361749
516344
930890
337643
472346
928982
491406
740903
874718
456341
640237
873537
223679
949677
193382
257971
304363
779202
716423
636477
844967
268297
787229
429388
586115
123877
119101
173368
449632
242904
782048
840726
758583
752577
761311
511711
126788
790201
285285
566932
685109
983554
448788
914012
480840
960987
83627
473706
164825
366585
812124
190051
390331
745786
737629
917860
909710
573561
774260
434726
412334
545307
699599
585515
770805
436603
112942
147796
767375
420752
572118
451265
67743
721184
988331
656302
407428
156368
979365
812113
620803
722961
379236
425899
861551
320621
973866
3953
666450
564528
561572
229832
10346
732283
329559
245930
462473
476146
400732
521917
265168
815642
880479
272789
160622
403029
160689
504805
110796
651569
30842
824043
615732
933236
497774
330214
428377
319690
883636
144377
143497
750780
470400
722469
280236
365002
143811
241701
404810
702506
611982
445647
112604
770068
152167
782282
283375
708513
186297
839887
46986
603031
875232
523655
910024
905656
246249
244371
500351
443743
91696
784971
767418
524094
245108
334877
778098
228983
935508
114143
965761
33286
995721
893134
684260
480566
925197
790177
756427
124858
998512
449123
274158
442505
49695
517662
594880
482085
476129
179679
309749
733488
6592
87612
73030
990026
658565
973772
4549
637505
287675
284028
894075
581020
497316
938812
821406
484801
846539
899804
965576
672247
85528
136754
258256
427780
819668
303380
688604
997330
422746
117840
592782
527836
692123
846380
714792
29579
370916
716406
806487
754449
543096
856798
182394
29358
60768
375649
135744
209701
844616
568608
445963
55622
354856
494491
938430
94063
829471
886522
395922
601329
874431
9214
769149
506053
201754
704751
804978
126668
543075
935309
719277
950760
305255
554491
274689
152196
629102
831725
3002
836475
168518
700553
414363
709156
184015
742323
199508
177235
114771
202868
681550
49685
663727
390734
875887
362192
94486
262274
527837
360440
351749
334912
250934
408881
676637
88909
311496
843155
470016
583869
9464
108120
216706
485653
189412
543002
754702
161785
575728
895937
261883
608237
424471
443147
201097
445503
517174
14634
651276
606614
575970
43860
211522
374907
526293
232752
860168
456074
348986
208991
472087
338083
688228
549058
305649
342905
186887
700827
81730
851867
877557
177815
550977
870669
660205
465236
136860
549840
885071
772126
580193
517221
792780
974797
569363
564186
279970
971130
198109
985705
120908
25559
518974
460055
533180
488240
428806
549948
668976
55856
47362
498738
800600
30648
60029
252945
736548
756607
250928
194296
226204
36247
404096
708530
795963
481767
251205
31326
827379
720906
582356
774847
258970
292876
816226
384184
451683
608571
788135
622354
853086
524916
993408
712891
203551
465324
675832
157564
581222
542841
211650
488958
165381
232328
842210
671085
113241
623694
553813
403791
745582
396142
149436
127466
174772
102535
544273
384324
754872
745636
750990
349289
895328
806177
579827
58025
187382
431592
109194
256299
433188
246457
158866
174523
449737
468511
746403
798404
415659
656502
149468
662503
347100
688061
700306
914381
994785
46408
188820
812877
574118
885757
630256
75610
499551
153162
698388
974496
746349
50990
346157
789829
703647
29448
402112
757542
828415
934698
523792
238920
252814
223880
837453
699200
707867
266790
697645
783551
993534
769298
540460
531807
565102
236425
751636
881848
884520
427845
824443
169441
860866
304587
846113
566790
454909
681841
416875
839695
136219
675833
611817
602340
671882
938862
788732
276345
99120
723005
682567
293195
20143
35620
66414
412042
160287
46802
249183
372738
786550
997787
206636
52487
674015
798321
965233
461812
603121
522154
700857
176319
460125
316707
215114
189327
108432
927249
805577
7041
206440
3503
635978
879082
758441
550071
24626
43146
225139
25310
827974
501320
334174
576490
208604
545642
738969
454232
931867
96724
269263
139651
3462
287898
838678
681504
603294
798728
471330
518180
259902
941123
418543
700433
290534
220581
631714
300067
279558
9990
924889
232622
632379
30910
906392
278275
548219
519784
575960
132005
951283
559863
544228
843945
643097
581370
259768
654668
626389
173366
986085
672775
571103
287271
177019
155250
305614
497790
899160
162923
55900
715992
470174
488033
757090
656299
43623
342725
271604
467421
737335
230076
765541
714747
216573
756447
967337
474175
676408
569755
967436
880877
704966
254473
923381
59585
991574
68448
247160
12749
807983
565828
913153
1157
652842
254883
637692
622668
758560
244080
27071
816466
318945
588387
934386
761844
278362
791393
486938
26992
416840
515127
216238
178757
54015
911687
676093
954815
125762
67622
681392
789603
706113
127582
432723
368942
535933
392299
258473
728791
97627
262542
830108
502159
331807
455899
410470
895719
811778
873375
358609
103992
906379
243778
349752
184155
899615
876678
459974
715331
298459
299014
707015
59652
729199
273940
208819
216458
336310
604684
374517
115948
21389
820453
659417
775734
773654
689540
89058
87945
848715
585798
159294
794583
936716
680880
625460
175696
661548
642810
846648
985401
212927
557185
461351
895745
4153
21285
902181
650874
432016
762006
47508
527056
101415
842481
761840
705105
420032
929728
612219
95505
483964
433114
149445
813418
717356
455884
744629
573846
743006
291417
930857
28140
812897
301987
223006
144155
714236
342703
655097
159044
250301
51034
399318
234893
515501
516733
397761
189671
751690
114375
197735
482690
81776
174697
88129
254392
940747
959341
798124
847264
45295
776289
306813
230154
982580
911098
976969
436225
72652
288043
789610
492333
866749
851704
703250
371588
952849
448595
216745
661306
614703
897604
980593
516347
720117
133176
701479
736314
449759
972623
932408
848815
905970
979678
464596
714902
286817
691263
860519
860489
778827
748274
959420
204237
919886
999361
203336
472658
97830
957386
512375
227728
565719
423818
187270
497446
979565
990474
563012
112065
590172
760829
995306
80140
719825
243564
430305
446968
646082
44612
859271
544433
3646
312854
21640
519050
607979
495539
923935
79601
907934
642038
528818
162460
814817
443389
866023
250665
432271
746199
479327
703854
161540
824887
443657
985462
782960
399639
748454
540700
867094
332053
725319
644074
922210
210651
28398
718655
743517
827565
384891
41893
709103
81260
784929
676027
728953
299948
512903
921539
862477
840720
17333
527496
457092
166857
27823
264833
547059
901646
118471
784101
406260
543767
660016
952340
682426
979449
351849
279129
112234
781570
965875
667017
920617
774043
856551
154107
100174
854230
215040
678009
596319
565320
629985
681147
31257
97347
692712
785889
436436
70304
54572
835912
216299
881931
859561
983108
398100
295741
181007
110316
754711
774723
646887
480397
121486
323675
442438
441971
358460
259615
35181
981452
523430
219083
168099
130293
85681
944306
680252
480660
228651
85774
273408
808050
765632
152300
671089
350369
738321
649478
774867
394750
544183
743116
758609
97203
85322
712359
319210
858133
287225
175502
986749
386894
262554
319687
888439
447165
986271
78127
280535
385502
425981
485420
922789
788324
842465
147183
265643
723685
686296
797500
886794
260259
712261
770795
255048
669640
602239
295360
821958
878294
802217
748402
153975
630220
117175
881240
606508
941099
939183
701430
842440
486060
365980
54538
371816
648323
698870
83691
674274
372876
978493
390673
969072
906348
710035
293866
659611
142905
192327
440193
664542
872117
137337
507668
360775
540999
26054
671114
479428
460426
203242
888593
797308
8789
137086
79798
855471
607835
519133
586205
588431
103649
542040
411666
993861
901394
537554
919842
972825
314767
645794
92222
900199
400468
729590
985970
220979
596991
539897
724988
339886
472263
287988
860145
607569
74588
909878
436061
153958
708138
341007
206250
560636
732083
806671
655327
762790
392954
161821
266714
907732
84929
359643
424771
142260
530976
963778
862979
220132
62554
355559
582139
625575
845626
971269
672983
212891
444022
578422
970671
762353
938966
513956
772715
310226
292589
809880
722229
804341
147286
603465
375433
154002
173659
781895
678492
300041
919873
98541
387413
650069
970739
901658
308908
958021
464022
89741
364608
132077
172032
207769
824911
860668
309143
33529
708310
756229
684307
149862
454567
967249
965074
130212
74819
682906
527843
916042
289191
349344
363002
692029
184454
268451
145733
76533
421030
27337
312589
485876
894120
679903
992384
279747
339136
305310
136992
352956
870503
269584
117149
844420
173220
491954
721219
28644
886312
985075
62355
284401
47367
654636
983867
790513
227614
170341
167842
213089
908118
404586
419388
384825
444778
954314
476867
558923
898241
977996
27051
103929
208055
868431
292163
971527
977638
553504
895849
458793
756257
148269
557539
670973
975108
586290
178687
302599
109892
549033
953718
498346
510515
696693
203872
116732
504536
561427
879477
820861
140164
184592
877049
235717
226818
855082
137412
471590
706833
114627
778202
23969
848859
532132
608326
506608
589736
316517
632360
574699
611332
942749
536828
887866
185776
708198
16762
387298
941595
962465
292247
205941
265853
426200
708475
3403
153518
193232
873809
645895
36021
267362
290308
308059
31366
388073
213662
567662
710526
955077
164550
227087
800763
807389
958057
757181
132598
568215
855437
516160
577379
496782
136755
138693
74226
99194
584399
231334
103511
555648
580083
177076
260275
966763
552988
834263
517564
262442
78299
404639
372096
306036
607474
94026
85245
244753
271768
636503
248278
849659
105934
627534
994911
28410
991350
751286
536616
60732
687374
404178
496392
246445
612741
272570
9313
898853
958909
917283
121929
563411
564708
186166
333824
103922
117693
879980
751526
139497
387530
56487
438731
162430
556767
683037
221895
528664
132750
628615
736019
201760
330920
810959
884061
313655
870456
180571
530252
620166
253495
980864
642437
809849
414174
629614
832037
171107
988155
320472
291485
97167
660420
664974
363902
347761
636478
442839
160592
552614
417455
180246
365552
516317
530217
364233
160586
358599
394393
5712
66784
493717
859365
813319
183710
597357
124328
96295
629913
983917
349227
801643
17855
182986
653364
153031
476164
491750
290757
959393
773533
104523
417867
727914
366698
905518
586631
231293
453498
121758
665241
549528
449283
856162
285133
778653
10054
677370
263827
437458
10273
351267
662841
17835
731063
505057
470688
616268
126371
184511
682382
847049
64470
728631
484198
729235
524468
635638
413539
498193
159333
369972
518332
777812
334619
74558
843515
300891
730621
273954
431569
719619
197071
426225
31371
473294
961189
14150
401526
794383
463220
427727
139985
734921
888569
2597
959256
214389
750158
364374
858680
978979
988165
183091
894888
310890
759736
990524
684941
260595
389477
409921
280372
17706
712656
90757
535952
962009
619836
319868
784162
418558
205620
777516
685227
548363
269134
553737
895357
284509
785686
388993
255389
449932
773971
47681
158126
762400
405619
332429
607805
980351
705608
203709
178141
647752
525462
529458
27502
351893
733864
848035
118232
981469
69462
716609
447664
67323
389715
111501
948298
869567
626749
728457
340657
212459
577890
640424
626763
98192
587872
582028
925056
366356
523949
578854
299540
938173
653304
894923
939221
415951
175026
949597
259260
496614
239882
870443
567561
683940
715029
782341
762438
278013
947091
785235
453752
950925
975132
51585
481277
779729
565278
879708
690684
900366
170101
216156
675936
870600
843646
251286
555481
910702
929916
410377
164090
712549
758728
993520
537825
224336
940745
221980
866867
126708
754019
700018
851120
758571
236509
649911
782132
696052
873058
422684
996342
854453
301915
654077
504871
645473
179691
469880
848019
918379
161436
323074
940862
557953
916149
682182
458398
908444
590939
224473
810420
841283
826215
216390
637050
820860
265418
807104
284172
107216
617000
228000
525894
622249
626324
461071
494599
270421
982912
522052
507439
994441
740737
836973
487499
266654
149403
628723
966747
134346
639946
171717
963762
355754
818967
279084
521688
164726
966893
58937
676939
427228
900623
531533
939710
871995
996235
741792
325769
22526
487397
378387
683434
273996
534635
246369
853135
141652
639494
512056
606018
211821
971246
430417
822212
744024
851585
713221
648379
529500
213097
698435
465552
10475
784187
69122
405677
308981
303952
614364
499546
527949
439694
359523
807092
15928
880302
46643
322852
160035
228506
929855
720917
706312
780176
80570
565735
545606
332973
791873
757339
230817
842485
55231
181813
431457
962665
717242
654020
727293
925221
85260
123589
771110
709015
543858
805780
764066
692531
333485
237902
409690
511501
708062
513706
279415
129468
595273
490055
348880
175028
310970
373237
5376
854452
877478
746963
469695
559303
446548
664523
348569
201204
537256
435683
144573
878564
909445
239662
257128
601117
332990
119627
92447
7819
824793
912834
89571
579837
922316
542352
152551
404386
686603
367623
841900
394679
58248
244828
645700
792689
391438
368437
120956
665443
673703
645848
865168
297764
826
217797
545670
882587
137399
698300
745469
742311
846038
577137
539646
54884
297038
973968
235326
313572
40899
592471
480904
343690
78774
852900
946255
415640
517005
178255
698170
778831
769355
568091
365527
585638
235297
615054
502633
867806
693174
542105
571696
507624
50451
53634
300015
618226
313909
876924
938534
320829
965812
751793
368462
474829
514631
619187
563549
601269
881523
161329
197664
154130
63184
603440
61106
363476
766380
683268
238091
290103
779999
665149
231988
18240
453878
705664
306776
43720
386403
563108
601952
648910
770113
709742
861747
893447
265038
789574
506755
617073
609116
743972
599887
113902
445321
392944
977074
554356
442571
154272
199126
220823
469233
431782
825262
584328
588766
140377
311642
751443
631298
707031
431872
810060
924461
484226
529132
237194
378208
46897
512602
913548
330278
346860
366058
660336
44735
234164
938814
686730
101383
687792
201162
102395
35029
923076
953598
445228
58656
217271
302171
587302
41643
950855
303366
654447
883204
282083
835848
680686
795596
581294
145282
646225
453949
905238
216955
548943
223188
687396
553436
480268
858412
903358
910227
913912
220310
600406
890244
974145
596245
576721
518717
734160
197059
244359
917296
260435
211295
26944
986955
530991
684515
441274
751514
552590
949175
633256
255081
596717
779246
992230
228332
895415
505763
814054
560084
114021
329852
690411
516006
646485
711594
645645
581807
882406
363345
214879
629490
197229
363627
303976
929672
433016
758623
78959
516076
640646
10190
485457
173918
916063
595772
507259
736306
503247
320640
250790
433114
249696
918146
683093
911601
333703
346035
590462
160327
212755
316400
870849
126245
603268
210443
595632
637547
326679
432363
654010
803099
775198
275718
665649
300874
459588
297361
509324
60513
938152
183309
928858
105495
173793
283136
572833
217576
652689
929440
373232
136730
420595
698235
185921
678023
627059
709259
754246
791203
142966
133821
53045
897635
770507
599474
952893
488230
688225
90039
955593
245670
242464
885963
527041
899514
446379
886953
851807
751437
898220
345659
867216
216111
84061
740025
29643
115923
875553
495579
479619
733118
333639
223685
859494
619490
913328
880576
69694
613
715692
256105
147004
744862
131165
294105
720613
843837
717844
574364
6714
963456
608337
905088
594892
97032
662591
136477
244046
430700
961206
71928
893351
797310
562964
119601
181478
958048
913500
560805
433154
428361
121353
94637
972651
422626
156975
260779
127951
693720
927911
927109
694142
957560
864687
181080
706526
406453
877423
593037
794092
4410
796304
230083
117043
609599
874273
245361
288391
897589
504284
744464
340938
558232
868385
337688
839071
66925
209745
282801
75874
592177
259040
145438
224831
614081
812644
782934
518877
346667
533961
588200
193021
399081
222266
152337
438793
629707
868904
848209
927165
905345
344772
966165
562161
167095
573248
84892
569736
25847
505435
363034
518786
760742
312549
762400
218264
790932
280287
956138
641976
996441
31978
663006
773498
324070
276500
346101
287116
178515
29799
784312
365569
301339
644234
492482
185983
399126
163960
466240
748246
103155
810520
304546
5401
804241
416556
946109
49027
511116
884341
215553
927168
807193
394892
700145
333754
371551
581394
746371
759912
880377
826506
461835
727057
789637
214945
584326
148397
98902
346977
998412
194130
823780
783141
842408
957275
410207
52761
579632
964858
113373
845605
482476
692682
683019
602798
544073
138237
97902
151578
952427
736134
288398
217368
211720
451785
631399
18702
972102
183604
604154
436616
436183
176940
935880
525322
897456
547545
81837
225788
787116
286081
444045
789419
48462
554411
831830
322893
794725
810252
72676
964037
538694
531808
872118
9909
292562
928014
51282
66930
205114
800942
335280
273969
507266
500020
673831
110578
912489
934850
677374
186167
750291
713516
439277
978224
140376
82815
553944
483553
185664
42879
5792
329885
548820
448563
735282
101355
177563
186631
108640
293617
464971
197298
443309
195381
682486
516882
51985
6974
989017
412441
934763
346705
865828
539416
523259
668465
178473
176701
965113
606831
804973
801053
98944
262819
274072
893251
309531
819783
156726
191189
309013
985287
749702
549681
367395
552957
443903
736674
13340
441477
130563
885424
103441
459421
790136
216480
301915
46858
794471
619023
382159
233713
124428
139706
81091
957874
902139
988638
973610
233165
909950
617572
299470
705555
382334
411513
752273
255216
514698
427658
909925
4265
597672
338951
158961
459372
571405
137039
808763
170826
732509
83399
914438
853467
845326
311884
166103
30547
960517
478590
226454
201081
347798
717382
786446
230567
51245
196257
648486
345120
331321
517352
820480
243590
535649
328370
388571
191641
166918
756246
68824
997973
999378
595607
5318
440656
796331
365319
531157
346412
362609
512976
4203
152920
45079
769863
961861
828151
559466
325453
192061
267270
283276
241109
939737
943846
950798
687379
272918
678628
856111
852109
506149
160124
481566
188428
768192
128921
563693
923911
29876
952356
97217
39734
284300
952704
587665
170216
631006
869870
191779
542744
221630
690339
897148
141309
398722
990129
579762
657557
925157
470625
391590
971340
27084
210761
716051
303986
673915
896281
802507
783162
262665
302632
930550
336947
153525
523324
553608
512801
160836
443247
706342
327395
857802
429977
960064
983090
932626
637294
116156
377278
180439
631932
647549
607779
923617
125144
134746
316414
231590
392956
791812
445253
288510
760678
561220
834706
61819
857426
27622
204417
689381
101839
916601
347758
7330
340239
628853
318955
163527
686201
241396
945403
416755
307691
337192
629880
101780
926566
747670
121717
523819
139836
804722
609351
721253
294697
916767
444381
251529
107715
828086
211637
602520
247575
298680
126479
456374
496771
931169
319460
581580
788385
103471
623049
49918
479315
486275
211092
122817
315679
456002
689942
754336
570703
290285
773151
889745
259464
678470
209415
576367
883811
767920
234500
932115
466511
498803
889880
353960
572927
987243
928602
910790
810651
357372
700038
344768
671257
602666
172302
673554
814127
58922
432327
560139
989500
143041
85028
151819
75777
587873
24875
936418
168739
154182
993178
265704
865169
314147
254652
889857
290124
140834
761598
547567
54587
501222
95118
609924
67517
284671
866612
336523
388383
724467
421384
569592
75738
304363
701375
749667
442296
734906
807037
678524
480076
171464
917518
950023
516912
501874
990510
453326
43632
273819
714999
265122
842501
922898
672664
199313
1804
891646
93659
851226
429178
130751
256125
608542
488871
395733
855125
343139
880435
1182
478790
585730
685139
283790
136417
443921
986323
27587
532507
958587
326310
120239
111390
609630
660562
881667
993887
572431
498887
69199
113406
223235
6311
260279
937155
600177
597983
529278
486211
804022
257435
958482
943856
265009
193724
380706
814726
751438
88160
187231
288071
490700
774755
636171
554542
629937
365897
564306
438390
625119
124168
218120
770438
549721
832870
840358
218310
261446
60607
108156
604646
692890
508478
805306
167393
77057
322987
580062
227435
372218
762582
954020
740854
441567
594736
686951
659398
14258
983202
37718
606616
375810
312768
418621
25657
616890
692501
633717
539407
138315
125463
876717
543042
264332
860360
131063
172394
802698
599591
143418
169860
450854
54612
541540
672006
415753
445628
687407
596264
396770
92080
350379
395334
83137
512379
39763
230065
518911
733010
584871
762180
933475
876527
333831
744297
589716
370445
555052
742118
868406
779229
914129
934869
150207
543716
952277
862710
291040
355676
254013
474422
789000
47949
97945
585626
629657
952593
529833
241885
768407
70156
734411
590677
791927
857068
97914
58306
317730
83330
924976
221633
173230
282340
73286
756995
588085
36907
261880
871730
501518
415023
258896
657589
408179
959822
323838
725196
611897
177559
26343
181483
83216
452359
772925
368576
334890
766934
880712
206197
931967
119609
792907
136622
900039
179872
19128
44527
473762
831850
698587
266506
487038
701630
63101
950312
870596
626403
32616
627687
609842
474209
12522
764856
854508
380175
148314
804433
737761
514640
345813
419365
469749
702102
466325
400581
871816
460200
115914
527884
270242
88392
602029
977005
483448
150769
704244
977812
139819
810185
970204
540704
401951
490562
557970
377565
233818
988225
408545
909578
567931
910647
289676
424031
870965
999267
367747
931671
48614
747567
376634
108080
181603
450850
498974
175140
363905
289193
50558
761946
198571
622120
802917
936810
468909
508410
659025
679990
400981
951875
64868
385262
623087
901819
740785
117586
424267
212329
572402
959606
223779
382602
138074
227566
429667
363821
383032
751577
173819
340741
706187
364552
891238
394889
599433
943605
429803
55481
387143
30650
75202
754433
989572
9166
507334
774360
167704
203442
55265
493884
420133
847171
648171
6850
884480
932551
452628
673717
838044
517071
383440
299427
511489
912028
233902
408221
963101
609744
573336
542474
415347
110309
879371
735885
242583
90331
123605
885515
717141
246485
39218
849265
101637
606248
931731
500769
238592
309794
872989
627081
642650
725755
727067
672764
335127
919469
949018
823321
88040
415283
515748
242651
341856
483230
218536
463097
776778
232358
515442
580516
333711
907797
224022
798414
705314
907817
282074
443765
78358
347440
182373
442734
5660
212058
639039
598025
466060
465832
372255
509028
538391
707143
325699
765638
401949
41828
401442
307395
676215
770944
651284
641346
337653
599462
366506
415062
739396
396933
146886
876280
881429
943882
568488
91118
710220
49083
672250
249547
477547
333866
262021
138062
666769
705958
375817
774561
64277
749596
439978
335494
243077
930873
193400
722551
539937
166522
204803
452417
785204
118550
521626
713746
838411
810530
607134
324930
881515
572664
47405
135901
274281
603116
509102
370933
503524
24069
842144
375068
535088
79406
981717
492207
86556
761946
